10
100 10
1 7 4 0 9 4 8 8 2 4 5 5 1 7 1 1 5 2 7 6 1 4 2 3 2 2 1 6 8 5 7 6 1 8 9 2 7 9 5 4 3 1 2 3 3 4 1 1 3 8 7 4 2 7 7 9 3 1 9 8 6 5 0 2 8 6 0 2 4 8 6 5 0 9 0 0 6 1 3 8 9 3 4 4 6 0 6 6 1 8 4 9 6 3 7 8 8 2 9 1 
4834 1116 4640 9659 2705 9931 3978 2307 1674 2387 
1116 5022 8746 6925 9073 6271 5830 6778 5574 5098 
4640 8746 6513 3987 3291 9162 8637 2356 4768 3656 
9659 6925 3987 5575 4032 2053 7351 1151 6942 1725 
2705 9073 3291 4032 3967 3431 1108 192 8008 1338 
9931 6271 9162 2053 3431 5458 2288 7754 384 4946 
3978 5830 8637 7351 1108 2288 8910 2210 9759 4222 
2307 6778 2356 1151 192 7754 2210 8589 6423 4947 
1674 5574 4768 6942 8008 384 9759 6423 7507 3031 
2387 5098 3656 1725 1338 4946 4222 4947 3031 6414 
100 10
8 0 1 2 5 0 9 4 7 8 3 5 1 2 0 1 6 4 0 6 1 8 9 8 4 1 4 3 9 8 8 0 8 7 7 8 3 8 3 7 1 0 7 3 4 9 6 5 1 0 9 9 6 8 3 4 8 4 9 9 2 5 5 3 3 3 7 4 3 8 0 8 8 0 6 8 1 9 8 9 7 2 2 8 2 8 9 0 7 8 1 5 8 6 1 2 4 2 5 8 
2647 6363 4887 8876 8434 9870 143 3845 1417 1882 
6363 1999 323 8652 22 5700 3558 8477 7893 4390 
4887 323 5076 713 2601 2511 1004 6870 7862 4689 
8876 8652 713 3402 9790 5256 6424 5003 586 4183 
8434 22 2601 9790 286 7089 1427 8618 3758 9833 
9870 5700 2511 5256 7089 933 4170 2155 5722 7190 
143 3558 1004 6424 1427 4170 9977 1330 2369 8693 
3845 8477 6870 5003 8618 2155 1330 1426 556 3435 
1417 7893 7862 586 3758 5722 2369 556 6550 7442 
1882 4390 4689 4183 9833 7190 8693 3435 7442 9513 
100 10
5 0 8 3 9 3 9 6 7 9 9 7 6 9 3 5 7 6 6 5 8 2 5 4 4 1 6 1 6 3 3 5 5 3 2 8 2 5 3 6 1 8 6 2 1 4 6 2 9 1 5 0 3 6 4 9 2 9 3 4 4 0 5 9 6 3 4 2 8 8 7 5 8 1 2 5 7 4 4 4 4 4 2 9 3 0 7 7 8 7 3 0 3 8 2 5 2 0 3 7 
4803 4100 528 2626 1544 1925 1024 9973 3062 4182 
4100 1004 7433 7506 7594 2726 3032 8493 143 7223 
528 7433 1287 3065 7901 9188 8361 2414 975 4271 
2626 7506 3065 9171 236 834 9712 5761 8897 4668 
1544 7594 7901 236 7286 2551 141 3695 2696 1625 
1925 2726 9188 834 2551 8020 2126 6577 1695 2659 
1024 3032 8361 9712 141 2126 6303 7372 2467 4679 
9973 8493 2414 5761 3695 6577 7372 2594 3852 5485 
3062 143 975 8897 2696 1695 2467 3852 1019 8465 
4182 7223 4271 4668 1625 2659 4679 5485 8465 1120 
100 10
2 0 7 0 6 0 7 0 5 6 7 3 8 4 9 2 6 5 7 7 4 5 7 9 8 3 0 2 2 3 6 7 1 5 5 4 0 2 6 0 6 1 1 1 7 3 0 0 4 8 3 0 1 2 9 0 3 8 8 5 7 7 0 8 9 3 0 7 4 7 8 3 7 1 0 0 8 3 4 5 0 1 4 5 6 2 0 3 5 6 6 6 7 6 7 7 1 9 1 6 
3023 9618 113 2718 8697 1586 4042 4424 4130 4230 
9618 4566 6560 8933 2297 9856 2054 6963 3585 9735 
113 6560 6655 6973 1458 4370 2533 2964 2608 2484 
2718 8933 6973 912 1636 68 2849 4676 2939 2224 
8697 2297 1458 1636 2143 3755 6512 2742 176 1460 
1586 9856 4370 68 3755 7826 3222 7871 1627 1935 
4042 2054 2533 2849 6512 3222 5206 1784 3851 7399 
4424 6963 2964 4676 2742 7871 1784 2280 2702 2194 
4130 3585 2608 2939 176 1627 3851 2702 2735 1638 
4230 9735 2484 2224 1460 1935 7399 2194 1638 6535 
100 10
6 3 6 5 2 8 1 0 3 1 5 5 2 2 1 7 4 8 2 3 6 3 0 3 5 2 8 0 7 2 2 5 9 1 0 8 5 0 7 9 0 5 3 4 1 0 4 8 5 9 2 5 4 1 3 9 5 8 2 7 9 6 1 7 7 1 9 0 3 4 1 7 5 3 3 2 4 1 2 9 0 8 7 4 5 6 8 0 7 7 4 3 1 3 6 3 0 1 9 0 
2165 5543 7620 914 7592 6705 1819 9233 751 5206 
5543 4976 1540 304 1423 1099 1248 3585 3649 2972 
7620 1540 7865 2914 1076 1546 8713 7547 8679 1770 
914 304 2914 5263 8520 3986 8290 5945 2866 8541 
7592 1423 1076 8520 3246 5509 8319 7871 9602 8324 
6705 1099 1546 3986 5509 1133 4473 7153 5088 8571 
1819 1248 8713 8290 8319 4473 9764 9902 7104 4424 
9233 3585 7547 5945 7871 7153 9902 3528 1601 6970 
751 3649 8679 2866 9602 5088 7104 1601 4016 5566 
5206 2972 1770 8541 8324 8571 4424 6970 5566 29 
100 10
3 7 8 3 7 9 3 9 1 8 2 8 0 1 8 4 8 6 0 9 3 0 0 8 7 6 3 5 6 5 8 3 9 4 8 3 9 7 6 4 5 8 6 1 5 5 1 9 6 4 5 4 2 5 3 2 6 8 2 6 6 3 9 4 5 6 2 5 3 5 6 6 1 4 4 6 2 6 8 2 5 5 1 0 1 5 1 7 6 0 0 2 4 3 3 6 2 8 2 3 
5455 6304 6635 6304 4257 149 1125 2318 4214 7110 
6304 4029 9201 1081 1319 6859 4051 4156 1362 5265 
6635 9201 1904 3677 9644 6910 4903 3562 8490 4949 
6304 1081 3677 1283 3654 675 2221 5403 6924 3832 
4257 1319 9644 3654 9370 3879 260 9009 2620 3972 
149 6859 6910 675 3879 4 1946 9782 6505 2393 
1125 4051 4903 2221 260 1946 2686 5314 6699 5590 
2318 4156 3562 5403 9009 9782 5314 2723 5939 9038 
4214 1362 8490 6924 2620 6505 6699 5939 6411 1462 
7110 5265 4949 3832 3972 2393 5590 9038 1462 6235 
100 10
8 1 9 3 5 9 7 9 8 0 1 4 7 5 5 5 0 9 2 8 2 4 5 0 4 4 0 5 1 1 5 9 0 8 3 8 7 2 6 9 3 8 1 0 3 3 8 4 8 0 1 5 4 1 3 7 3 5 8 5 6 9 0 8 9 3 6 0 6 9 7 8 9 4 1 5 6 6 6 6 6 7 1 4 0 6 1 2 1 4 9 5 2 3 4 1 5 2 3 1 
4807 2269 9319 5603 1908 4308 3482 1013 1137 6631 
2269 4115 6810 4085 3557 2291 1294 9997 9153 1055 
9319 6810 5346 4709 249 7492 3713 5132 115 6440 
5603 4085 4709 7959 4723 9705 6996 1053 5270 7480 
1908 3557 249 4723 8239 6424 7919 867 7660 2499 
4308 2291 7492 9705 6424 8487 1197 7463 6634 2159 
3482 1294 3713 6996 7919 1197 2023 1147 8393 3038 
1013 9997 5132 1053 867 7463 1147 3926 648 9459 
1137 9153 115 5270 7660 6634 8393 648 6603 808 
6631 1055 6440 7480 2499 2159 3038 9459 808 4099 
100 10
0 2 0 8 9 2 8 2 0 5 5 2 7 6 7 8 7 8 1 6 0 9 5 8 9 0 0 0 7 2 5 5 2 1 4 8 6 4 6 8 9 8 3 5 5 1 5 5 8 4 0 5 4 7 2 1 4 9 9 0 3 0 3 5 0 7 6 7 8 3 6 4 4 1 9 5 5 7 4 7 3 4 0 8 8 1 5 2 3 2 4 6 6 6 2 9 0 4 9 3 
2612 1942 290 8420 5566 3806 7586 6217 1451 1616 
1942 2610 1065 9167 6894 6075 3510 301 9696 9574 
290 1065 5590 3162 1173 7969 7359 6032 6269 9427 
8420 9167 3162 8511 423 775 8780 911 3553 4183 
5566 6894 1173 423 5392 5496 5765 875 1365 4903 
3806 6075 7969 775 5496 8256 4461 475 6973 6822 
7586 3510 7359 8780 5765 4461 6123 5548 1578 9790 
6217 301 6032 911 875 475 5548 5606 196 7595 
1451 9696 6269 3553 1365 6973 1578 196 7951 6344 
1616 9574 9427 4183 4903 6822 9790 7595 6344 755 
100 10
1 2 2 9 8 2 2 7 8 5 8 3 9 4 4 6 9 8 5 6 6 0 7 2 7 2 6 4 7 1 3 2 1 6 3 8 3 2 8 6 0 1 2 6 0 5 4 6 7 9 3 4 7 8 8 1 6 3 8 7 6 1 7 2 3 7 8 5 8 5 8 7 3 3 1 0 8 1 0 9 2 4 9 1 5 7 3 3 4 2 2 0 1 2 7 7 0 2 4 1 
6591 8824 2238 8024 2180 6596 170 2328 2043 1311 
8824 8183 1059 7927 9488 1671 2529 5652 2259 7214 
2238 1059 9861 5784 1287 2743 8611 4473 7129 8435 
8024 7927 5784 5842 719 3504 4868 4866 939 1882 
2180 9488 1287 719 9258 2751 8615 8599 8459 2662 
6596 1671 2743 3504 2751 6064 2757 808 279 9490 
170 2529 8611 4868 8615 2757 9436 6366 2076 7587 
2328 5652 4473 4866 8599 808 6366 1387 7834 8361 
2043 2259 7129 939 8459 279 2076 7834 3331 6049 
1311 7214 8435 1882 2662 9490 7587 8361 6049 8929 
100 10
2 3 0 6 5 0 9 7 2 2 8 2 9 4 4 8 2 7 2 5 8 4 7 3 9 5 1 9 0 2 8 3 1 4 3 1 0 4 0 7 9 0 8 1 4 0 7 9 5 3 8 2 3 2 1 0 4 0 7 5 9 0 5 1 2 0 9 8 9 1 7 3 3 0 7 6 6 0 2 8 9 8 9 9 9 4 2 0 8 7 8 7 3 0 7 6 4 2 1 9 
8762 1057 2891 1164 6684 3717 9933 5453 2742 4955 
1057 6814 2863 397 5461 616 905 2600 137 4681 
2891 2863 9199 7033 4388 2585 7241 3518 7007 8671 
1164 397 7033 242 8883 5250 3524 1759 2106 9622 
6684 5461 4388 8883 7096 7297 9917 5679 179 3580 
3717 616 2585 5250 7297 5059 7578 2751 4008 3730 
9933 905 7241 3524 9917 7578 4082 2996 2679 4677 
5453 2600 3518 1759 5679 2751 2996 7754 900 1785 
2742 137 7007 2106 179 4008 2679 900 5566 3094 
4955 4681 8671 9622 3580 3730 4677 1785 3094 3609