10
16 278
0 775 755 723 809 110 918 316 568 267 267 795 256 180 649 103 
775 0 837 299 447 276 125 531 639 714 886 393 569 545 788 374 
755 837 0 818 65 500 573 139 309 34 408 976 953 675 595 748 
723 299 818 0 282 774 748 384 962 47 183 590 523 713 580 588 
809 447 65 282 0 950 972 157 494 759 882 664 175 382 588 666 
110 276 500 774 950 0 42 621 73 369 574 747 963 321 29 88 
918 125 573 748 972 42 0 420 764 50 466 298 639 341 11 218 
316 531 139 384 157 621 420 0 928 960 541 436 806 300 670 821 
568 639 309 962 494 73 764 928 0 826 51 408 843 444 28 916 
267 714 34 47 759 369 50 960 826 0 812 953 14 127 625 394 
267 886 408 183 882 574 466 541 51 812 0 214 45 158 263 862 
795 393 976 590 664 747 298 436 408 953 214 0 455 901 554 817 
256 569 953 523 175 963 639 806 843 14 45 455 0 470 482 129 
180 545 675 713 382 321 341 300 444 127 158 901 470 0 11 269 
649 788 595 580 588 29 11 670 28 625 263 554 482 11 0 286 
103 374 748 588 666 88 218 821 916 394 862 817 129 269 286 0 
16 662
0 938 106 839 340 865 682 783 244 949 947 197 962 73 821 356 
938 0 286 217 865 901 431 671 801 984 840 623 817 320 985 86 
106 286 0 957 646 375 62 484 715 278 517 849 521 465 147 717 
839 217 957 0 779 219 890 486 857 458 350 757 888 372 909 872 
340 865 646 779 0 211 531 40 882 515 477 838 512 852 251 348 
865 901 375 219 211 0 918 528 864 118 49 681 265 117 459 835 
682 431 62 890 531 918 0 358 944 43 816 645 799 703 368 60 
783 671 484 486 40 528 358 0 926 931 590 318 812 457 794 650 
244 801 715 857 882 864 944 926 0 968 997 900 667 914 780 883 
949 984 278 458 515 118 43 931 968 0 384 828 563 1000 296 373 
947 840 517 350 477 49 816 590 997 384 0 186 654 316 229 469 
197 623 849 757 838 681 645 318 900 828 186 0 312 379 523 679 
962 817 521 888 512 265 799 812 667 563 654 312 0 438 801 609 
73 320 465 372 852 117 703 457 914 1000 316 379 438 0 28 118 
821 985 147 909 251 459 368 794 780 296 229 523 801 28 0 773 
356 86 717 872 348 835 60 650 883 373 469 679 609 118 773 0 
16 836
0 263 422 155 260 673 822 525 452 704 260 631 618 259 927 990 
263 0 445 580 657 25 400 968 403 274 998 841 74 959 220 543 
422 445 0 731 55 158 504 561 769 176 734 293 980 437 553 610 
155 580 731 0 406 163 536 395 959 467 51 983 866 370 738 140 
260 657 55 406 0 720 578 565 30 149 460 760 555 617 615 115 
673 25 158 163 720 0 385 142 849 29 121 637 933 731 395 448 
822 400 504 536 578 385 0 618 789 406 85 192 741 302 913 478 
525 968 561 395 565 142 618 0 793 632 407 358 661 907 169 772 
452 403 769 959 30 849 789 793 0 461 137 738 927 873 880 775 
704 274 176 467 149 29 406 632 461 0 901 1000 764 186 730 158 
260 998 734 51 460 121 85 407 137 901 0 633 348 298 390 784 
631 841 293 983 760 637 192 358 738 1000 633 0 489 482 85 402 
618 74 980 866 555 933 741 661 927 764 348 489 0 311 878 385 
259 959 437 370 617 731 302 907 873 186 298 482 311 0 717 587 
927 220 553 738 615 395 913 169 880 730 390 85 878 717 0 398 
990 543 610 140 115 448 478 772 775 158 784 402 385 587 398 0 
16 623
0 107 521 435 243 259 362 115 138 488 367 137 603 904 219 112 
107 0 888 918 410 278 701 250 111 137 3 422 366 740 490 952 
521 888 0 137 465 410 657 899 652 915 260 118 52 100 837 541 
435 918 137 0 702 92 759 814 980 676 223 609 728 824 719 864 
243 410 465 702 0 827 140 230 566 630 533 54 94 943 710 344 
259 278 410 92 827 0 946 977 956 416 380 55 252 920 756 695 
362 701 657 759 140 946 0 30 921 674 57 495 634 784 319 353 
115 250 899 814 230 977 30 0 648 497 844 229 62 825 761 467 
138 111 652 980 566 956 921 648 0 270 55 176 966 1 504 921 
488 137 915 676 630 416 674 497 270 0 416 884 975 19 155 82 
367 3 260 223 533 380 57 844 55 416 0 713 537 3 739 593 
137 422 118 609 54 55 495 229 176 884 713 0 497 372 729 815 
603 366 52 728 94 252 634 62 966 975 537 497 0 76 728 663 
904 740 100 824 943 920 784 825 1 19 3 372 76 0 272 956 
219 490 837 719 710 756 319 761 504 155 739 729 728 272 0 76 
112 952 541 864 344 695 353 467 921 82 593 815 663 956 76 0 
16 448
0 68 542 718 123 70 683 123 573 955 890 808 929 908 963 10 
68 0 972 851 364 710 443 861 434 171 27 861 898 690 132 205 
542 972 0 765 580 273 659 649 747 728 683 869 300 637 110 108 
718 851 765 0 917 369 422 278 340 624 642 402 66 854 187 589 
123 364 580 917 0 880 47 838 921 531 43 38 462 667 696 110 
70 710 273 369 880 0 413 423 144 633 74 132 742 533 48 110 
683 443 659 422 47 413 0 306 325 801 929 318 554 347 171 740 
123 861 649 278 838 423 306 0 935 51 139 772 323 669 166 360 
573 434 747 340 921 144 325 935 0 130 832 55 591 596 829 86 
955 171 728 624 531 633 801 51 130 0 228 255 217 321 787 616 
890 27 683 642 43 74 929 139 832 228 0 782 93 292 583 373 
808 861 869 402 38 132 318 772 55 255 782 0 610 488 719 780 
929 898 300 66 462 742 554 323 591 217 93 610 0 228 653 182 
908 690 637 854 667 533 347 669 596 321 292 488 228 0 718 777 
963 132 110 187 696 48 171 166 829 787 583 719 653 718 0 505 
10 205 108 589 110 110 740 360 86 616 373 780 182 777 505 0 
16 386
0 942 216 867 126 623 457 721 451 542 301 705 110 621 844 725 
942 0 403 288 16 337 660 977 824 379 109 403 383 290 120 159 
216 403 0 146 857 453 362 723 930 336 531 650 786 424 950 843 
867 288 146 0 533 923 38 609 325 325 977 13 336 953 836 66 
126 16 857 533 0 61 591 449 703 62 959 200 919 763 913 641 
623 337 453 923 61 0 692 248 172 694 386 595 995 580 480 917 
457 660 362 38 591 692 0 617 88 593 293 64 605 628 369 793 
721 977 723 609 449 248 617 0 694 781 383 494 483 444 452 35 
451 824 930 325 703 172 88 694 0 714 567 947 355 258 195 878 
542 379 336 325 62 694 593 781 714 0 303 580 824 298 159 655 
301 109 531 977 959 386 293 383 567 303 0 566 775 743 159 67 
705 403 650 13 200 595 64 494 947 580 566 0 158 115 46 878 
110 383 786 336 919 995 605 483 355 824 775 158 0 907 739 659 
621 290 424 953 763 580 628 444 258 298 743 115 907 0 641 232 
844 120 950 836 913 480 369 452 195 159 159 46 739 641 0 493 
725 159 843 66 641 917 793 35 878 655 67 878 659 232 493 0 
16 437
0 36 527 150 602 474 856 211 20 85 514 599 909 163 757 563 
36 0 728 883 657 238 301 167 353 346 396 611 437 406 604 20 
527 728 0 899 40 55 777 541 8 602 397 571 621 481 84 219 
150 883 899 0 741 598 327 656 325 561 664 563 861 830 267 559 
602 657 40 741 0 226 877 995 631 480 14 881 871 421 10 412 
474 238 55 598 226 0 428 611 808 350 584 640 433 154 381 382 
856 301 777 327 877 428 0 481 388 707 393 51 621 254 881 239 
211 167 541 656 995 611 481 0 164 458 115 158 440 947 523 673 
20 353 8 325 631 808 388 164 0 169 943 682 580 723 644 739 
85 346 602 561 480 350 707 458 169 0 72 227 731 857 381 463 
514 396 397 664 14 584 393 115 943 72 0 238 213 850 296 605 
599 611 571 563 881 640 51 158 682 227 238 0 900 916 210 132 
909 437 621 861 871 433 621 440 580 731 213 900 0 506 373 941 
163 406 481 830 421 154 254 947 723 857 850 916 506 0 973 882 
757 604 84 267 10 381 881 523 644 381 296 210 373 973 0 381 
563 20 219 559 412 382 239 673 739 463 605 132 941 882 381 0 
16 919
0 405 53 439 699 86 371 421 729 461 493 956 191 701 336 653 
405 0 938 900 854 234 504 106 501 66 237 7 790 178 979 672 
53 938 0 910 249 428 314 39 126 399 409 547 127 870 391 82 
439 900 910 0 412 91 769 417 28 20 270 613 876 375 466 941 
699 854 249 412 0 964 472 730 141 802 753 402 402 180 715 440 
86 234 428 91 964 0 658 113 849 556 239 70 946 673 481 36 
371 504 314 769 472 658 0 793 897 415 165 167 380 40 893 845 
421 106 39 417 730 113 793 0 980 856 668 61 348 821 166 749 
729 501 126 28 141 849 897 980 0 222 697 463 13 354 927 861 
461 66 399 20 802 556 415 856 222 0 909 518 930 854 542 411 
493 237 409 270 753 239 165 668 697 909 0 241 334 659 8 850 
956 7 547 613 402 70 167 61 463 518 241 0 825 739 889 70 
191 790 127 876 402 946 380 348 13 930 334 825 0 935 220 925 
701 178 870 375 180 673 40 821 354 854 659 739 935 0 602 281 
336 979 391 466 715 481 893 166 927 542 8 889 220 602 0 273 
653 672 82 941 440 36 845 749 861 411 850 70 925 281 273 0 
16 774
0 798 373 347 494 836 359 848 762 572 108 279 853 962 820 615 
798 0 554 506 274 913 707 450 651 596 519 585 815 444 538 447 
373 554 0 68 663 244 440 9 90 627 368 937 741 939 396 371 
347 506 68 0 143 709 543 758 263 400 31 527 106 480 530 701 
494 274 663 143 0 999 114 868 794 4 314 213 666 910 4 675 
836 913 244 709 999 0 351 631 394 639 723 684 34 93 826 743 
359 707 440 543 114 351 0 635 583 357 386 965 883 492 445 412 
848 450 9 758 868 631 635 0 192 795 878 411 940 881 77 152 
762 651 90 263 794 394 583 192 0 546 338 507 572 688 489 317 
572 596 627 400 4 639 357 795 546 0 326 211 1000 359 656 178 
108 519 368 31 314 723 386 878 338 326 0 101 642 760 809 28 
279 585 937 527 213 684 965 411 507 211 101 0 725 692 519 521 
853 815 741 106 666 34 883 940 572 1000 642 725 0 455 62 315 
962 444 939 480 910 93 492 881 688 359 760 692 455 0 332 473 
820 538 396 530 4 826 445 77 489 656 809 519 62 332 0 254 
615 447 371 701 675 743 412 152 317 178 28 521 315 473 254 0 
16 212
0 901 757 110 238 263 33 925 752 350 250 314 701 960 969 878 
901 0 413 611 638 221 990 714 912 508 234 719 921 900 50 745 
757 413 0 505 614 645 613 723 882 875 107 158 978 456 407 644 
110 611 505 0 157 719 964 34 131 926 23 703 915 88 967 774 
238 638 614 157 0 321 685 695 572 734 439 76 347 436 688 421 
263 221 645 719 321 0 317 915 528 475 244 335 233 239 843 951 
33 990 613 964 685 317 0 203 877 433 128 251 488 395 339 454 
925 714 723 34 695 915 203 0 168 11 138 862 935 223 653 10 
752 912 882 131 572 528 877 168 0 570 88 50 342 756 316 221 
350 508 875 926 734 475 433 11 570 0 230 911 556 815 502 398 
250 234 107 23 439 244 128 138 88 230 0 765 704 626 550 183 
314 719 158 703 76 335 251 862 50 911 765 0 229 37 577 567 
701 921 978 915 347 233 488 935 342 556 704 229 0 490 745 929 
960 900 456 88 436 239 395 223 756 815 626 37 490 0 979 958 
969 50 407 967 688 843 339 653 316 502 550 577 745 979 0 863 
878 745 644 774 421 951 454 10 221 398 183 567 929 958 863 0