10
ipqqymkruv
ito
ognmbue
ed
zqvbjdqb
oqfh
cgv
ujlczxfvbu
ez
xwz
0 1988850 5069049 5243061 7967066 2085444 3134867 1787784 8968091 6656232
1988850 0 6901158 1487463 5410972 2058935 4370434 513880 7890311 6183339
5069049 6901158 0 8064728 7620940 9515778 8899279 1852971 6518574 1715959
5243061 1487463 8064728 0 9463142 8685168 8832718 6800674 6931981 6464930
7967066 5410972 7620940 9463142 0 2418587 1437184 4050331 178000 1920602
2085444 2058935 9515778 8685168 2418587 0 6135775 3312867 3708386 5103866
3134867 4370434 8899279 8832718 1437184 6135775 0 2485451 609544 9107681
1787784 513880 1852971 6800674 4050331 3312867 2485451 0 7896424 5184832
8968091 7890311 6518574 6931981 178000 3708386 609544 7896424 0 3478115
6656232 6183339 1715959 6464930 1920602 5103866 9107681 5184832 3478115 0
10
cgv
ed
cgv
oqfh
ed
oqfh
zqvbjdqb
cgv
ito
cgv
