50
ezhnlmdk
eaqpbcvui
nkrmka
jrekgij
yxbbjdik
znavhiau
tigtyslec
nmhnliquoy
jytlvbw
xqtgzmgr
lvtyjcnu
dpa
vmc
xzstwrmpxn
e
dpbyp
achphwplub
lbofunyi
wvicbotfo
sro
gvyvjs
yfanmwckhg
cpmgffl
rdkfeqdc
ownmbpb
ndaukixb
fgcqzwvkdz
i
qwydjcu
riotc
ezbbehdwi
tsftxnxnkx
vzlf
tvmyvq
wrefxcoawi
rfvotfnman
hivfwt
psziw
hbuixfn
kkefr
rrgrboog
hicz
ky
szmayrpmc
q
rhblouoeiu
pctqoeqe
pqyninb
prthbwu
qivycppgii
0 2849002 6417742 2467838 5645218 3338148 752730 4184665 9727208 5088761 8466709 6069608 7308517 675595 2975747 7822640 6314092 7584070 4998117 6194815 3363704 8115528 7214667 9853682 5514572 1165340 1917320 7826483 6083367 6322765 9409357 2958423 9171767 8343452 5426262 4816986 1681600 6178992 1518003 3925161 1267753 2501064 9994769 1092622 5693011 2970516 8915263 2007103 3070939 6429732
2849002 0 8201918 6434643 4545261 7932938 8804678 59833 1614630 721998 402668 7697997 7044763 9812025 656421 6216531 8155477 8599035 1033517 2353430 4778027 5067872 6278591 8562132 7568936 6273360 9654755 3261947 1760228 1086370 7785402 4831167 7516102 8503673 3782163 4577715 6436611 2586841 4637548 8051241 3308839 5040216 8265590 353603 7368594 8922011 9086486 5524071 7521046 2636355
6417742 8201918 0 7877501 4815425 7704227 6672444 5893910 7789515 5462156 5548665 1051462 7222385 9151387 1353216 4569904 6667489 2373241 868419 1245205 8809852 3455260 8399105 9377445 9280452 5955674 7643036 2150407 3324268 9081399 1236893 1364691 6602446 6389600 1758545 3934223 4093827 8430989 9828133 4399694 3893146 7893150 7967508 3631883 7044537 9320724 718139 3712027 1693966 1586559
2467838 6434643 7877501 0 7473584 3020170 7558171 5872689 4913968 9354975 4344715 5073356 4021734 7668983 4154755 7774979 9033675 3273553 4164579 792220 7207777 8258406 1739561 9552262 2658100 8149059 7445413 625608 4297294 4489950 2462685 5015434 718329 6673003 9118345 8191913 9693173 9192868 6580955 7123493 8547844 925670 2196849 5085930 1111006 6351605 2860910 2661033 2141510 7025489
5645218 4545261 4815425 7473584 0 5969605 9349287 7800248 7709166 8901550 2974700 5858226 8863315 6116661 155520 3353265 8579346 7687306 4071595 5252349 9322003 4779860 7461874 8514872 3877167 7101720 9579068 4802838 9298569 4664998 8430196 8166526 7525908 1091229 308037 4551398 9577186 2173676 4867998 7286352 1075226 7842698 5660930 9938541 3959359 8332803 5808159 2538705 6020109 9879754
3338148 7932938 7704227 3020170 5969605 0 307406 7858465 7175966 285633 6373337 1053134 7387353 8468757 8372324 9202274 3133755 6802520 7368801 3176016 410101 7676838 243766 9987287 9850514 5111764 9789991 3442093 2954462 5450922 5896986 6913822 3783725 1705145 9452527 2320186 4101251 2276286 178651 1277218 2561919 9068340 4846704 2465624 7537097 3219028 1667898 3187205 2537900 9036699
752730 8804678 6672444 7558171 9349287 307406 0 6363221 5464353 9229889 6606987 5451640 9080404 1718751 7757983 5038849 4673213 3208905 935835 1587035 9508982 2640981 3555915 4345521 9258584 8348553 7040524 535802 3426824 6108865 7898858 5892448 6162314 1117886 7560346 1865871 3655786 9113398 8229092 1636491 8343287 7352431 7088131 7423691 9071182 4846115 4978892 6260748 571372 5914728
4184665 59833 5893910 5872689 7800248 7858465 6363221 0 364135 2596707 1072061 6436402 6942228 330645 4784955 3982752 3382800 8211779 2607969 1281658 6620579 8770284 2399545 4180926 3152507 8571683 3294324 1381600 208175 1637611 8734031 9812658 1577655 321566 7175125 6556547 9098666 262850 4987627 9462801 2859557 6059688 8415556 9801785 6390334 3200511 6300889 9773134 3928643 8908859
9727208 1614630 7789515 4913968 7709166 7175966 5464353 364135 0 3571144 549222 195495 8487041 7246500 3348002 7058725 540824 4729602 9783252 4694788 5979986 2112262 8788795 8817904 1803740 7861694 7916570 2066590 2849322 9895723 7442499 1425362 8311279 7244284 7815696 4028143 3545173 105182 7956786 4970384 3676327 1022360 5165879 2163368 8268861 8513882 1738445 1326037 5759836 4038049
5088761 721998 5462156 9354975 8901550 285633 9229889 2596707 3571144 0 8537177 4256174 8666664 7325972 5590430 470404 7704019 3507000 5053346 3069693 5919076 2495845 4495055 4230355 2256481 4827104 8258498 8318006 4932286 8731636 3288391 1124965 9753997 8454270 3288334 8022858 9484504 7543131 9348895 7760693 1581181 7886073 2016867 247845 7728397 7607298 3234601 7948768 3630650 8287947
8466709 402668 5548665 4344715 2974700 6373337 6606987 1072061 549222 8537177 0 1018461 9549726 3300144 5513517 6296434 5556625 340621 4554932 3874631 7789259 3286569 7163022 8914225 5556918 8133645 2202559 3579776 7618149 2262042 5445023 7895194 3843223 5847448 2428414 6607420 6092198 2552064 9842021 4040966 6182714 646320 5059428 8248793 3946464 3089297 4545227 2019441 5946270 1616511
6069608 7697997 1051462 5073356 5858226 1053134 5451640 6436402 195495 4256174 1018461 0 8410425 3735529 7419432 8089799 2649754 2976350 6223444 7368665 6556126 6357946 2147060 4517502 4253140 5990283 364950 6681554 2597704 6457148 9233618 4956077 3014467 7932685 8118750 590247 8697830 4581566 3679544 3243057 6601008 2142166 7375920 5011433 5877695 4795353 5617584 1043802 7771703 1841029
7308517 7044763 7222385 4021734 8863315 7387353 9080404 6942228 8487041 8666664 9549726 8410425 0 928819 6844182 715327 3075879 1361684 4968467 1582515 4242986 4166374 6696571 3216487 5916344 4169000 6230954 6365381 2287750 9337553 5063211 6869317 3017097 8306268 5986677 5159263 5682189 3514462 3553310 2993894 9132046 7113464 765597 973075 558636 126131 1688402 3634515 4004167 9173222
675595 9812025 9151387 7668983 6116661 8468757 1718751 330645 7246500 7325972 3300144 3735529 928819 0 7733382 8247154 5855948 4429953 3979993 4288644 8598954 2727299 654026 886704 2064852 5717237 272373 7598301 6539858 6259050 5273916 4738399 9773512 8827226 7732293 8905559 8457043 1014242 2394986 9015679 1140374 4083389 5166546 5144541 5772963 2899929 5908047 4145263 7329882 9888040
2975747 656421 1353216 4154755 155520 8372324 7757983 4784955 3348002 5590430 5513517 7419432 6844182 7733382 0 8433907 8445188 2615339 9087933 1848245 4680191 7321523 2120618 2278492 3861381 8379669 7552408 8599780 8153181 8895987 6332073 9575092 7353030 7346315 1970079 6368709 1003041 8569820 4051607 6147583 6859135 6951536 2055630 1004398 6797771 1943671 1954657 5242959 7075362 1042591
7822640 6216531 4569904 7774979 3353265 9202274 5038849 3982752 7058725 470404 6296434 8089799 715327 8247154 8433907 0 7091204 1755554 8364114 1728175 6550398 4741847 2624196 4102807 3341627 3293729 2998794 2190052 2868822 2868176 9536367 4838901 1753237 539409 5925073 5804844 9203344 2784208 2756381 3775326 3788606 2070504 8235349 5743263 7313463 5310712 9302206 6921020 7066266 182672
6314092 8155477 6667489 9033675 8579346 3133755 4673213 3382800 540824 7704019 5556625 2649754 3075879 5855948 8445188 7091204 0 1165547 3616664 4924519 3789743 235823 782498 7083472 5750969 2972550 9952294 8619145 5025270 7307547 372382 8081031 3232620 8693579 7284375 6016828 1449960 1059701 2321786 3520464 9295051 581402 3350279 7122115 2399960 2787651 4188381 2582633 6469550 321397
7584070 8599035 2373241 3273553 7687306 6802520 3208905 8211779 4729602 3507000 340621 2976350 1361684 4429953 2615339 1755554 1165547 0 23504 259293 557221 3322355 7342766 8824542 6294905 9811412 7443688 3836527 7118960 332422 1917558 2867932 9026001 9201933 8884761 2992313 2777987 3722899 9029129 4589390 4304301 2379409 1711505 6704262 7683412 8416238 1803247 4152963 1253987 4343103
4998117 1033517 868419 4164579 4071595 7368801 935835 2607969 9783252 5053346 4554932 6223444 4968467 3979993 9087933 8364114 3616664 23504 0 6928608 1811208 7665458 4271374 635751 6476716 6599139 595791 313243 3718099 928213 2230802 9102383 2470567 3949087 7987144 5462880 9243426 4226396 4492010 6349168 1047049 9387771 8060673 7751311 7071183 8993263 2070910 3740498 247251 6414014
6194815 2353430 1245205 792220 5252349 3176016 1587035 1281658 4694788 3069693 3874631 7368665 1582515 4288644 1848245 1728175 4924519 259293 6928608 0 669107 4574811 4079472 7456833 7726914 3072540 4055972 8322705 3385784 290423 1767271 5616586 9392807 4237838 2082025 9896303 9700718 1325452 4122699 6709080 7674620 5169749 6096851 8251646 5437412 5684387 7244909 7508323 9424885 7492160
3363704 4778027 8809852 7207777 9322003 410101 9508982 6620579 5979986 5919076 7789259 6556126 4242986 8598954 4680191 6550398 3789743 557221 1811208 669107 0 6438689 2610344 2066972 3034513 67178 2310238 6107054 4123150 632944 9492838 4413574 4916567 7625776 3806381 9154405 9707801 6219036 1371475 3549605 341736 8080556 1224226 8027837 6693759 1992224 3465249 2378146 9237133 3489924
8115528 5067872 3455260 8258406 4779860 7676838 2640981 8770284 2112262 2495845 3286569 6357946 4166374 2727299 7321523 4741847 235823 3322355 7665458 4574811 6438689 0 4319384 9245646 9928613 6929728 3828970 2963127 6996906 6139208 1586533 3636409 9288504 1079371 566335 4205071 1221499 4372716 5875828 3445652 3108104 9763656 6995258 3449840 360564 735836 1477677 7054323 2728060 7459279
7214667 6278591 8399105 1739561 7461874 243766 3555915 2399545 8788795 4495055 7163022 2147060 6696571 654026 2120618 2624196 782498 7342766 4271374 4079472 2610344 4319384 0 9432470 4481545 949203 6268206 3727191 877817 3197934 72513 6357296 2711193 8728074 7943829 6347602 8016578 1539552 6913937 4738002 2761051 3803005 613830 8723055 6911109 377486 5718313 2877302 738050 6454149
9853682 8562132 9377445 9552262 8514872 9987287 4345521 4180926 8817904 4230355 8914225 4517502 3216487 886704 2278492 4102807 7083472 8824542 635751 7456833 2066972 9245646 9432470 0 4354979 308726 1698561 4330610 2257548 6180107 5279814 8525754 2423650 8673983 1723688 5012516 5031279 6951233 3740590 5491460 3298835 4273520 9547364 2729124 9011522 4824767 6532129 2141705 3547822 5959591
5514572 7568936 9280452 2658100 3877167 9850514 9258584 3152507 1803740 2256481 5556918 4253140 5916344 2064852 3861381 3341627 5750969 6294905 6476716 7726914 3034513 9928613 4481545 4354979 0 2519191 9266136 8836893 5773594 8236637 5708224 6082320 9935199 38835 856220 8631658 7835001 9381974 3571660 6508984 3622014 8584176 4056615 573248 2324766 2064427 6388435 6598287 1611791 9117560
1165340 6273360 5955674 8149059 7101720 5111764 8348553 8571683 7861694 4827104 8133645 5990283 4169000 5717237 8379669 3293729 2972550 9811412 6599139 3072540 67178 6929728 949203 308726 2519191 0 8126161 6436558 8166041 267866 9984380 6641984 5303410 9250516 7995229 3593356 3506 3703454 2192028 2455057 6258641 3048248 1086715 4093642 2430222 4658375 3118978 6052236 3242552 9691945
1917320 9654755 7643036 7445413 9579068 9789991 7040524 3294324 7916570 8258498 2202559 364950 6230954 272373 7552408 2998794 9952294 7443688 595791 4055972 2310238 3828970 6268206 1698561 9266136 8126161 0 9141836 8083670 1756372 5530272 7198309 3368163 7164184 5324471 9804721 7846577 8108689 2305453 4488562 3412099 4072322 2483791 7005455 4075828 8703597 1713835 6530885 7478590 4762083
7826483 3261947 2150407 625608 4802838 3442093 535802 1381600 2066590 8318006 3579776 6681554 6365381 7598301 8599780 2190052 8619145 3836527 313243 8322705 6107054 2963127 3727191 4330610 8836893 6436558 9141836 0 133952 4088584 7192305 4792327 7207562 5760894 551231 6899507 7419082 1151254 1172231 5465706 8349563 4540394 2629890 6190386 6861467 476468 4299076 9166921 7481382 227527
6083367 1760228 3324268 4297294 9298569 2954462 3426824 208175 2849322 4932286 7618149 2597704 2287750 6539858 8153181 2868822 5025270 7118960 3718099 3385784 4123150 6996906 877817 2257548 5773594 8166041 8083670 133952 0 5755595 9965173 9749335 9831423 1185123 1463170 8878660 8663713 6225254 9012612 2752298 5933911 6321291 2476212 4211157 9388875 1892072 1630240 540129 3064303 7095946
6322765 1086370 9081399 4489950 4664998 5450922 6108865 1637611 9895723 8731636 2262042 6457148 9337553 6259050 8895987 2868176 7307547 332422 928213 290423 632944 6139208 3197934 6180107 8236637 267866 1756372 4088584 5755595 0 1406044 7604698 2242189 7596431 6982517 2718657 4411859 8665790 2716391 7155738 4421385 2681564 6905073 6769160 6383039 8368244 5647820 5046753 7109850 7176784
9409357 7785402 1236893 2462685 8430196 5896986 7898858 8734031 7442499 3288391 5445023 9233618 5063211 5273916 6332073 9536367 372382 1917558 2230802 1767271 9492838 1586533 72513 5279814 5708224 9984380 5530272 7192305 9965173 1406044 0 7799051 3043761 6014428 2791615 7254919 7919655 4683687 1401511 976136 7747991 8497457 2382180 7869041 739646 2494963 4851558 5974655 9423174 3517349
2958423 4831167 1364691 5015434 8166526 6913822 5892448 9812658 1425362 1124965 7895194 4956077 6869317 4738399 9575092 4838901 8081031 2867932 9102383 5616586 4413574 3636409 6357296 8525754 6082320 6641984 7198309 4792327 9749335 7604698 7799051 0 8691046 6578913 455086 3888963 3483986 7224247 272002 4368582 5388419 7835107 1478432 5081556 8150510 7038546 1095984 942126 6809817 9015639
9171767 7516102 6602446 718329 7525908 3783725 6162314 1577655 8311279 9753997 3843223 3014467 3017097 9773512 7353030 1753237 3232620 9026001 2470567 9392807 4916567 9288504 2711193 2423650 9935199 5303410 3368163 7207562 9831423 2242189 3043761 8691046 0 5625813 8211328 2508127 3373804 9225137 4890307 1242845 2481136 9901623 8610756 972143 9324797 4644457 2179542 5903710 5099543 8584857
8343452 8503673 6389600 6673003 1091229 1705145 1117886 321566 7244284 8454270 5847448 7932685 8306268 8827226 7346315 539409 8693579 9201933 3949087 4237838 7625776 1079371 8728074 8673983 38835 9250516 7164184 5760894 1185123 7596431 6014428 6578913 5625813 0 1904049 4840142 1373211 6272631 228562 9208319 267416 5310118 7358829 9822314 8922454 817307 6632131 454445 6443121 7359811
5426262 3782163 1758545 9118345 308037 9452527 7560346 7175125 7815696 3288334 2428414 8118750 5986677 7732293 1970079 5925073 7284375 8884761 7987144 2082025 3806381 566335 7943829 1723688 856220 7995229 5324471 551231 1463170 6982517 2791615 455086 8211328 1904049 0 2962572 2333277 9101300 369231 3576123 4098788 270854 4703231 5070932 9595652 9347688 9766826 8015714 4447231 8351683
4816986 4577715 3934223 8191913 4551398 2320186 1865871 6556547 4028143 8022858 6607420 590247 5159263 8905559 6368709 5804844 6016828 2992313 5462880 9896303 9154405 4205071 6347602 5012516 8631658 3593356 9804721 6899507 8878660 2718657 7254919 3888963 2508127 4840142 2962572 0 9919763 1803726 2241246 6192395 2032288 3965917 8976163 9858758 3841099 8798477 8781212 4658406 7946960 9235657
1681600 6436611 4093827 9693173 9577186 4101251 3655786 9098666 3545173 9484504 6092198 8697830 5682189 8457043 1003041 9203344 1449960 2777987 9243426 9700718 9707801 1221499 8016578 5031279 7835001 3506 7846577 7419082 8663713 4411859 7919655 3483986 3373804 1373211 2333277 9919763 0 1101527 5306771 4714581 5951157 6924423 5083812 9527280 1023212 5354667 4230511 8610496 7466671 6094551
6178992 2586841 8430989 9192868 2173676 2276286 9113398 262850 105182 7543131 2552064 4581566 3514462 1014242 8569820 2784208 1059701 3722899 4226396 1325452 6219036 4372716 1539552 6951233 9381974 3703454 8108689 1151254 6225254 8665790 4683687 7224247 9225137 6272631 9101300 1803726 1101527 0 893674 5482385 3058134 1761709 5402149 4861860 4002955 4110896 9410500 7968873 5603411 9269258
1518003 4637548 9828133 6580955 4867998 178651 8229092 4987627 7956786 9348895 9842021 3679544 3553310 2394986 4051607 2756381 2321786 9029129 4492010 4122699 1371475 5875828 6913937 3740590 3571660 2192028 2305453 1172231 9012612 2716391 1401511 272002 4890307 228562 369231 2241246 5306771 893674 0 1809972 4401888 566822 8984730 2348848 9802479 2602610 171971 4517060 8553767 9612746
3925161 8051241 4399694 7123493 7286352 1277218 1636491 9462801 4970384 7760693 4040966 3243057 2993894 9015679 6147583 3775326 3520464 4589390 6349168 6709080 3549605 3445652 4738002 5491460 6508984 2455057 4488562 5465706 2752298 7155738 976136 4368582 1242845 9208319 3576123 6192395 4714581 5482385 1809972 0 9600873 597399 3152310 7471892 4827910 4279158 4938563 3438813 5172832 2937300
1267753 3308839 3893146 8547844 1075226 2561919 8343287 2859557 3676327 1581181 6182714 6601008 9132046 1140374 6859135 3788606 9295051 4304301 1047049 7674620 341736 3108104 2761051 3298835 3622014 6258641 3412099 8349563 5933911 4421385 7747991 5388419 2481136 267416 4098788 2032288 5951157 3058134 4401888 9600873 0 6496947 6934541 855801 1358808 3453849 4966697 769308 3939074 570108
2501064 5040216 7893150 925670 7842698 9068340 7352431 6059688 1022360 7886073 646320 2142166 7113464 4083389 6951536 2070504 581402 2379409 9387771 5169749 8080556 9763656 3803005 4273520 8584176 3048248 4072322 4540394 6321291 2681564 8497457 7835107 9901623 5310118 270854 3965917 6924423 1761709 566822 597399 6496947 0 2554919 8265398 7488348 3121741 7250128 2353548 5440573 9852738
9994769 8265590 7967508 2196849 5660930 4846704 7088131 8415556 5165879 2016867 5059428 7375920 765597 5166546 2055630 8235349 3350279 1711505 8060673 6096851 1224226 6995258 613830 9547364 4056615 1086715 2483791 2629890 2476212 6905073 2382180 1478432 8610756 7358829 4703231 8976163 5083812 5402149 8984730 3152310 6934541 2554919 0 2525519 2473985 8406505 4654618 2074858 9003904 7806928
1092622 353603 3631883 5085930 9938541 2465624 7423691 9801785 2163368 247845 8248793 5011433 973075 5144541 1004398 5743263 7122115 6704262 7751311 8251646 8027837 3449840 8723055 2729124 573248 4093642 7005455 6190386 4211157 6769160 7869041 5081556 972143 9822314 5070932 9858758 9527280 4861860 2348848 7471892 855801 8265398 2525519 0 2063102 6348166 2086087 7001665 2303331 9775271
5693011 7368594 7044537 1111006 3959359 7537097 9071182 6390334 8268861 7728397 3946464 5877695 558636 5772963 6797771 7313463 2399960 7683412 7071183 5437412 6693759 360564 6911109 9011522 2324766 2430222 4075828 6861467 9388875 6383039 739646 8150510 9324797 8922454 9595652 3841099 1023212 4002955 9802479 4827910 1358808 7488348 2473985 2063102 0 2455318 8800279 9226165 3311119 2675439
2970516 8922011 9320724 6351605 8332803 3219028 4846115 3200511 8513882 7607298 3089297 4795353 126131 2899929 1943671 5310712 2787651 8416238 8993263 5684387 1992224 735836 377486 4824767 2064427 4658375 8703597 476468 1892072 8368244 2494963 7038546 4644457 817307 9347688 8798477 5354667 4110896 2602610 4279158 3453849 3121741 8406505 6348166 2455318 0 2680014 794169 5961099 9135440
8915263 9086486 718139 2860910 5808159 1667898 4978892 6300889 1738445 3234601 4545227 5617584 1688402 5908047 1954657 9302206 4188381 1803247 2070910 7244909 3465249 1477677 5718313 6532129 6388435 3118978 1713835 4299076 1630240 5647820 4851558 1095984 2179542 6632131 9766826 8781212 4230511 9410500 171971 4938563 4966697 7250128 4654618 2086087 8800279 2680014 0 1364277 8516018 7400838
2007103 5524071 3712027 2661033 2538705 3187205 6260748 9773134 1326037 7948768 2019441 1043802 3634515 4145263 5242959 6921020 2582633 4152963 3740498 7508323 2378146 7054323 2877302 2141705 6598287 6052236 6530885 9166921 540129 5046753 5974655 942126 5903710 454445 8015714 4658406 8610496 7968873 4517060 3438813 769308 2353548 2074858 7001665 9226165 794169 1364277 0 1368978 1637760
3070939 7521046 1693966 2141510 6020109 2537900 571372 3928643 5759836 3630650 5946270 7771703 4004167 7329882 7075362 7066266 6469550 1253987 247251 9424885 9237133 2728060 738050 3547822 1611791 3242552 7478590 7481382 3064303 7109850 9423174 6809817 5099543 6443121 4447231 7946960 7466671 5603411 8553767 5172832 3939074 5440573 9003904 2303331 3311119 5961099 8516018 1368978 0 7167318
6429732 2636355 1586559 7025489 9879754 9036699 5914728 8908859 4038049 8287947 1616511 1841029 9173222 9888040 1042591 182672 321397 4343103 6414014 7492160 3489924 7459279 6454149 5959591 9117560 9691945 4762083 227527 7095946 7176784 3517349 9015639 8584857 7359811 8351683 9235657 6094551 9269258 9612746 2937300 570108 9852738 7806928 9775271 2675439 9135440 7400838 1637760 7167318 0
50
fgcqzwvkdz
tvmyvq
nmhnliquoy
prthbwu
wvicbotfo
e
achphwplub
riotc
yfanmwckhg
pctqoeqe
tvmyvq
kkefr
tvmyvq
eaqpbcvui
yfanmwckhg
znavhiau
sro
ezhnlmdk
gvyvjs
hbuixfn
hicz
hivfwt
nmhnliquoy
rrgrboog
fgcqzwvkdz
psziw
xqtgzmgr
achphwplub
lbofunyi
yfanmwckhg
wrefxcoawi
szmayrpmc
tigtyslec
szmayrpmc
szmayrpmc
fgcqzwvkdz
lvtyjcnu
xqtgzmgr
znavhiau
tsftxnxnkx
jytlvbw
hicz
gvyvjs
hicz
ky
szmayrpmc
prthbwu
dpa
rhblouoeiu
gvyvjs
