100
cqzgjpfbu
xi
qjispidg
oi
d
ejbkl
ltfa
guzffiv
tqfbtms
womuvx
firrdwt
cqdkxmfnf
vipjbyfrnc
k
w
tpys
cwa
gzu
n
jkla
ozyi
c
yeuta
ss
uqwcx
yllzuvl
obwojk
ik
ce
my
guiczfax
lzogm
unhjxtcf
zhkxv
obg
g
dgfvug
asvxffi
akleltqkq
b
jzaqd
xaedmfv
cdpkhpw
wj
ouervyaua
zlsapvm
t
awpmffk
duorovkjv
fyffj
hauvzn
zjj
rqypvsgni
ztwmzurgfq
ikij
eklqycgzu
tarcdqvze
ednr
acuaihlyfq
ekjykc
nuxozwm
aqmud
yamghzf
r
tbx
nb
axwrysdvvv
pzvnzjvi
cwcor
nmrqjtqgmo
qlv
skmp
ny
vjxulolo
yhwhdmpp
ohmlvgw
wxxu
ufsoqic
ncqjjt
zjyp
yzq
ynqsskjls
sgpi
aenb
lshxtx
twiruvkonu
ypms
ddoehdfw
y
ptehmapg
kqnxm
ybbqy
tpi
uoaloia
mhvnwb
ityigl
h
yiquz
wtpzgfhh
jip
0 8475101 2117312 5357589 574970 6340330 2539245 5662432 7871803 6481427 6972532 2218287 8323528 1669246 2958176 7941102 4672667 70445 8219310 8541522 7512644 2194011 297229 7894649 6601918 5456858 7101181 4828416 4972100 3643672 4244072 5865475 2118773 8877736 1223065 5210096 7734419 6278662 3388880 5606222 2760090 2877764 340862 3599970 7063362 5815390 1541072 1736029 5885835 2276734 2793904 3398479 4470746 3091133 1293128 3589016 1064343 8394309 8417432 8552795 4554333 5177857 4418271 9189459 6571945 8157688 4399555 4306364 4436350 304787 2428939 9712792 3182552 2769801 5829114 245914 8585191 9886538 4498296 6987378 2163273 7292200 385857 9150371 2899685 4195337 5255739 3964028 5105998 6189524 2516823 9660331 3883733 6935094 1366142 455678 5092782 8282049 7278395 2045485
8475101 0 8586837 2223686 4274629 4285741 4993487 103744 7048007 6095030 9990282 1546303 3082408 4669907 8838503 5984617 6336630 1738188 179954 1592370 8218568 7802304 7781894 735392 9978987 1665627 186838 1345130 4637657 7795973 9627179 4432404 9841458 730368 6656090 4116087 5016109 4165929 6736183 2064117 260959 6726466 6126772 5859719 3912725 4965276 1844336 249356 9219816 4540642 1841726 7438385 2342946 2139972 690129 2321934 6321951 876967 6183416 959608 8672940 5810595 7908365 1030750 9057316 4564455 7663190 6589777 8730385 4399373 1170246 1507696 3642191 7297019 9883768 7554917 2262295 1728104 7804273 3998463 8785099 2162351 3953200 1128045 6818675 4643329 5966331 3140626 8036649 2149747 6616586 9225941 476695 4524951 2773044 9534011 1605759 436234 6123788 2852496
2117312 8586837 0 4835607 7294035 6876544 994151 4591054 6760312 8549068 9369701 1004769 8869693 5884516 9789868 1032044 9837717 917913 367071 6997398 6884245 3507697 5034047 1550344 2640635 6776341 2027039 7165587 9549385 1561050 1287698 2501971 201191 6656546 9853930 11578 3533090 848081 4602632 293403 9397149 6488685 1298172 783194 2373201 1088040 1815238 4727270 4522305 4698661 4241021 3922902 8206358 1791420 5473247 3363346 8567761 16638 528933 633498 4094041 4332983 3135469 4295232 989529 2989400 4306810 4522619 3837481 1425794 7332374 5750983 430831 8630546 6534177 5320384 2234938 865768 47655 9273596 5564429 6805028 3196498 6287140 8596448 1186097 9650486 9680562 1202736 2695771 314060 5296777 7028754 3449530 2108361 534635 8955282 6415171 7573606 2792763
5357589 2223686 4835607 0 357317 4905981 1060098 788148 6052879 7594276 6108532 804170 976396 8672539 77766 6540825 7993919 3274264 5344317 6590368 6976714 4994803 6270930 8179450 206926 9101342 5992579 9752032 5067224 8100940 286667 4022506 7032463 376626 9331622 9906132 5282607 391720 694280 3851838 502348 9319164 4656008 1478744 508056 4733774 535922 8501975 524391 8396591 7608695 7501105 5907747 6395977 8196907 6114673 5497320 6705838 5866706 564544 7323130 8669725 4587051 4355593 9046351 3918673 6778077 6845310 6826745 7472357 697149 7329094 9307873 7869509 1324190 2332281 2603284 4376464 834257 3127675 2773056 959304 3145132 8680803 7355282 3858391 7311828 2852602 564229 3178534 5933498 7887359 4364612 520549 4759304 5927315 6955574 1537381 2772626 6298672
574970 4274629 7294035 357317 0 1526090 5986127 6144118 3350315 3855636 7468308 5682597 8975272 4361125 6516854 4619299 7134181 9992510 7764431 8331336 7347792 1622822 5643164 200394 4703403 1338051 6133893 5107114 5702663 9170794 2382770 1629978 8642721 6436503 6918956 4941393 7962593 5421435 1085511 3829261 1793424 1070171 9511858 768696 5431296 8545064 5387996 5081829 8537574 3152427 3413165 5885367 7291602 9056330 8602113 4511357 394381 7252358 2134824 8613396 8939505 4517594 2759726 7582226 954098 2195035 5039971 1433043 7616470 8641834 7778656 9409894 2228357 7290514 178591 176006 5835578 8082939 5257835 6889505 1235366 1187353 2774872 1043320 243683 3893337 8071030 3154416 1145696 205854 1767812 85201 7239800 7043890 183779 710250 9238925 7740102 4659646 6855396
6340330 4285741 6876544 4905981 1526090 0 6381936 2438302 8781642 8610293 9728817 1476585 8786299 8080747 9559524 6560487 4970252 3311243 7747840 7745124 6870915 507875 4154814 4941945 3662291 5300510 7664151 7946455 7902063 4903952 4990345 602194 5614202 6745623 8342296 273848 6117371 7240584 2712151 4899013 8367229 4957320 8891951 9669881 3038067 967827 6230368 8008320 4279070 3978208 5753444 3666338 7002435 9908258 8608283 3181078 7725120 8788787 1127533 8143535 3692739 8634230 1262081 1823293 7896205 9604377 2097142 4013576 6844961 7325645 1428942 7728543 2282965 320893 7398424 5321032 1288720 3628792 3329352 8084143 123352 1599149 1750481 7125787 4023759 2875116 306865 4265232 4180255 3950750 2408767 7872994 5101332 3670849 9696288 2997538 5791578 4309782 7011114 5152892
2539245 4993487 994151 1060098 5986127 6381936 0 4151779 8440056 2881435 6434744 1277301 279859 4272128 5082374 3908651 7601481 5682869 6548355 1716982 7433350 3674142 5740741 2824818 6497359 5973 7005074 2964461 4931093 7394420 8065793 8601942 9607060 1063331 4393520 6433194 590798 2062764 584973 1547206 4944199 7019717 2824508 5224058 1291846 423234 1649061 1409679 6106103 8197416 3126661 6055805 4387910 1383754 8880623 885269 1389728 8402049 3849730 8837173 8312822 1915524 7439115 7919882 5495207 4348987 4353077 8602357 6411752 4938050 149564 3872303 4474120 5490424 9096362 8282318 5913658 745423 2208349 2019761 1459192 7851362 8075566 5847102 9235116 9472541 6732372 3141196 390943 3098454 1978369 8703765 7530330 1933836 6623647 5541890 8799176 3493076 4144247 5210928
5662432 103744 4591054 788148 6144118 2438302 4151779 0 947479 4293811 1599583 7937951 9784235 695945 6220269 5697893 3957721 944970 234006 5416913 8796332 825924 3780367 547800 298466 3029091 6205349 3205761 6127546 8183718 1909526 6174228 2633907 1049525 1716118 1433083 7058954 5860366 9160363 8006433 154177 759946 5944384 2454765 3972244 4681005 8152658 7929965 8142327 903017 5863230 6938659 1728941 9643597 2811 4543759 5189041 6208160 265872 1316587 6908231 2175398 7490815 9542138 5741276 9206934 975221 2800230 5067300 2651936 3323015 7737829 3411882 1783751 192594 7384126 6464756 861605 7830443 7123435 4280974 6210025 4062094 6009915 8369975 6581257 3070027 3559016 2789418 3335899 7391955 9697649 8027650 4882770 1756139 6285278 6606056 5247712 9085508 4189708
7871803 7048007 6760312 6052879 3350315 8781642 8440056 947479 0 7899648 4924875 1927538 3827882 6708626 4636484 3728361 5689734 8014441 4075156 2813169 2295415 285182 9391615 821683 8655157 5972872 3891710 4730525 1278642 9743961 2122480 3492643 287963 7005250 5248782 6573241 6127659 496494 8175101 317367 912494 5616328 4761257 7256729 2324954 1914094 985090 531040 9928535 5060246 3344209 2223951 7861780 5252176 3045634 6516937 3741401 9453696 3763814 5020043 1714009 5886294 8512687 4518325 5407897 3761469 3607918 1535556 6774316 1783020 4369275 203162 9915700 1646885 7459891 2240655 3560979 8444981 5288047 3489514 6021580 1148609 8229817 3883360 6400785 1275451 2916650 142186 3245499 6680464 7678582 7475861 2566759 6191269 1994186 7974656 2469090 5602104 2026564 1759758
6481427 6095030 8549068 7594276 3855636 8610293 2881435 4293811 7899648 0 9901476 6395839 1962921 9817177 8042724 1939164 4574184 1603703 2900498 9862231 7609570 8922078 1010840 5839387 2805438 7411626 9631191 8238440 70164 2876690 4918905 265098 2868903 2016 6456367 4863089 7976672 1441810 465194 2519588 5717920 366670 8915427 197193 183847 9474504 2136358 7274383 3594559 5036856 7136615 1204129 6475286 8147455 9559869 1797076 8075433 9191060 35517 661950 4584102 4954422 927048 7453006 7472790 9899768 4832447 5449462 3857930 5297641 7969050 9575850 8180664 9400829 9773044 880863 8875333 1909402 8155247 4986245 6946258 5291862 6190374 5937896 5955669 8266595 7734972 6547455 9974007 7770489 7209405 7074462 5241263 652805 7043820 2714053 552573 1876267 679867 4410503
6972532 9990282 9369701 6108532 7468308 9728817 6434744 1599583 4924875 9901476 0 7173909 8648917 3986354 7870925 566099 3759398 8751788 1957784 8185152 9423387 6944029 7647762 4715249 5650756 3585658 3187271 3917351 1320630 9734726 3891359 9091120 9460483 965821 6848735 113288 525993 9562789 665862 2402260 242656 7592717 2092521 1407926 4095423 9963446 1974025 371173 1231587 6448161 8556325 654974 3392191 8720439 7886576 9042947 2306097 1073847 5476650 6143080 808573 1884361 7750552 269056 5366534 4599287 2898696 5892527 4162076 6080910 8294788 6921085 3673628 387309 8329011 7769051 2867108 2819388 656577 4098695 9267549 9212902 4753669 5176092 7933342 2640245 6735391 2755791 6230444 2212042 8898871 9555369 4096403 6649423 2340777 9462938 1248711 5239474 5355465 7927139
2218287 1546303 1004769 804170 5682597 1476585 1277301 7937951 1927538 6395839 7173909 0 1320384 6166605 4848224 7510364 9070267 3177235 7795768 1937375 8512975 8452345 6036070 296877 181599 3306091 5472969 631293 8462689 2208361 3387085 4693133 6936755 4802308 4248503 1033158 3968084 9105632 3012448 7733147 4345106 884266 5660286 8181843 9567223 3024863 5692207 8637490 8718450 3487975 574865 7231426 4456672 9127287 7528303 4638272 2433379 5517624 5269565 896068 242337 1173002 8105553 7179092 5975311 4870408 728603 2459747 3976041 6257403 192894 837499 7141669 8369532 9019342 6708893 1394395 7227902 5346383 112846 3232229 8437601 9860624 7688902 7564888 9905279 4843526 9998267 5422903 113091 3410687 5665241 1286094 1516241 5360685 9777757 8903001 6089288 2237504 2879042
8323528 3082408 8869693 976396 8975272 8786299 279859 9784235 3827882 1962921 8648917 1320384 0 4863044 4946750 6232894 2004713 3316282 5252236 1229958 7227030 4996490 9092694 9856228 8228720 7530295 9716852 8433974 7611535 2138483 3277500 126155 7561386 3390591 3536842 5742979 7193037 7569435 3620017 9487146 6472437 2225657 4241002 1867831 7088701 1704104 617077 9093415 5020387 8385666 2839725 4763769 3382156 4448771 4619997 4127228 4495418 6853201 2561202 2106954 8991684 5838702 2233109 6553070 1745646 8286303 4812402 1455035 5855739 8432419 3458534 4844528 658076 7699536 9228711 263130 1919993 9845789 1872897 6940380 8231455 4712622 4220501 4129963 9161394 8840498 8257192 3656812 5693699 818394 8280118 4685383 9173449 513227 3754805 3435447 1315883 1083559 4890482 9687974
1669246 4669907 5884516 8672539 4361125 8080747 4272128 695945 6708626 9817177 3986354 6166605 4863044 0 9515978 865368 4532502 2690407 1081257 6277565 2953537 3001250 8639706 4826434 2457982 9387513 2055408 6678483 3517477 3733154 8035333 1774669 9906319 3729032 5109415 8186437 930767 6799216 1216017 4685572 234663 2531900 5769132 7641498 2219874 7801462 1023218 9268728 3008221 2104475 8062645 8478110 5105725 6702352 5820896 7563707 6089865 392657 6758542 2123694 4125811 4793875 3898363 4032130 8522907 1524131 4734920 1970026 839699 8467289 9171951 3590715 3515541 4941083 3748565 8251767 5258897 4771783 7520495 783471 6876259 5583140 1777933 4498336 4801844 7598830 2062044 891710 7991487 8820586 3015404 4633650 6130814 9430120 8665781 7170073 3470603 5917053 9140100 6826654
2958176 8838503 9789868 77766 6516854 9559524 5082374 6220269 4636484 8042724 7870925 4848224 4946750 9515978 0 4384342 8312051 417369 7899883 5769486 4165934 6151650 3544735 8937718 6188497 4328206 8330329 4287989 6106140 2828665 9089834 6221322 7407061 2497896 4212809 8744000 8029652 8846459 4874814 9976124 28592 2044887 5963079 5945645 1184987 2789734 2846339 2013390 3207103 746222 7782876 9889390 9414224 1327612 1343460 5602721 8172170 9673789 9890711 4278310 5018806 1496897 499632 2425868 3994793 7228793 1169868 4540797 8591605 8561034 4516922 8620197 605921 2996353 7082195 4307261 5786087 9928534 6320651 1509543 3191109 6619880 3915285 2605333 7947492 5258745 724407 6119662 7448886 3131470 2914325 2467692 4628367 5930309 7409912 1139512 3159103 8579780 5680309 4267060
7941102 5984617 1032044 6540825 4619299 6560487 3908651 5697893 3728361 1939164 566099 7510364 6232894 865368 4384342 0 9657166 2713583 5403609 263088 5709937 2485804 7086701 4012376 4930691 5923704 5521919 8121800 2543584 1953556 3243485 3007428 7212301 3967892 1643443 4661187 9615714 4557768 9645232 4244081 3004429 7055144 7899945 8679884 8151277 3580255 2946944 7808443 8810190 8350554 587883 7036479 3352710 7674584 1048856 8283401 6114641 9087127 8921553 8658225 1040684 4681391 4182006 769337 8649283 5825449 7946877 781350 2899569 7592109 5025431 5903998 4647253 2925377 4583883 2798530 9021984 47179 3123326 348526 8397733 3711209 7385006 4266796 3902146 950214 2550197 16787 37341 3988103 1191364 3594377 8669494 5373370 6880067 9835129 1198819 4826944 616479 4098388
4672667 6336630 9837717 7993919 7134181 4970252 7601481 3957721 5689734 4574184 3759398 9070267 2004713 4532502 8312051 9657166 0 2419053 8158263 2387 9582658 1083640 7102622 4897541 2621976 7149801 8020867 2970502 8063887 4248428 2871860 2330683 8150574 3822074 7397232 683713 6375768 1385335 1875078 9970145 2571181 7248448 9366564 4922663 8447268 4193508 5539142 5062008 9128913 6213757 7580747 8711572 7297397 4683369 6125465 2435725 4349523 6662684 7922580 2413410 911112 794440 7260445 1578039 4616515 4657677 2261752 992283 8559365 4136830 3478780 3646898 3901631 2845345 8569561 4865251 7038853 6625056 9927259 8684119 2838813 7508007 9912043 2652563 4707728 6037508 5088288 1573603 2700192 3010868 3987013 6127656 3805309 3763810 7705695 8421824 8421488 9967448 1930459 9497205
70445 1738188 917913 3274264 9992510 3311243 5682869 944970 8014441 1603703 8751788 3177235 3316282 2690407 417369 2713583 2419053 0 6620630 5409239 3144103 522261 770936 1713665 5387512 326142 855073 7831124 9010261 3693886 7855483 8922304 6346449 2563211 4959812 1434738 6653167 176356 6961958 640180 6304012 767267 6920343 4009708 1705443 5341831 6493508 3635902 7355388 3114138 1561494 499491 3636400 2332430 4729508 1540264 2658572 5584581 9371388 4185185 9278468 7226871 3107489 5624917 2306435 583653 9576007 8959602 760009 6537966 2116134 9580374 9821585 9036477 3590082 4043381 6894660 2599942 195635 4250048 5714080 1757129 7265892 1866832 6605912 4511752 3407097 1780836 96334 5294837 5966022 1891154 2521709 9073511 32423 7344496 9657165 2124783 6304098 2933526
8219310 179954 367071 5344317 7764431 7747840 6548355 234006 4075156 2900498 1957784 7795768 5252236 1081257 7899883 5403609 8158263 6620630 0 1179101 936584 2513900 1000686 9973062 8620334 5044067 6867722 1220276 5239703 3634123 6934357 9513184 900015 1317541 8635448 5411767 7240990 416285 8024453 2535828 6382307 9915607 7573889 7972170 2464383 7434737 145687 4589166 3738835 3079214 5768267 7191771 5593114 9285305 7164833 6729801 6845725 6548908 7950077 4601780 183031 7400786 4114964 3599398 8718328 5266765 9011165 5959318 5683050 9551971 1011498 4581709 1983930 1101739 2553879 4448313 8536476 5215919 1553831 2275311 8295133 9838450 9467083 6404599 9123756 9148268 3134400 8485833 8213528 3600830 3087613 8396559 1001616 9718929 4512309 9719944 4985694 3523475 8195615 668744
8541522 1592370 6997398 6590368 8331336 7745124 1716982 5416913 2813169 9862231 8185152 1937375 1229958 6277565 5769486 263088 2387 5409239 1179101 0 5591798 9207113 7766805 7575728 308853 2837037 4540394 8845329 8052956 6094225 3636993 8864441 8449028 5620428 5269040 89136 7285048 919793 8574969 5498577 4520623 1662582 6411488 5522239 1381511 923798 7758536 6367206 6963625 5954151 9552302 2555423 5161264 9835460 131151 7986469 2672497 4671545 6831799 725453 3282123 2985144 9589894 1731151 8605572 7375286 1820287 5890620 811431 395256 1389197 7848406 4574190 317038 3370646 5955701 1240836 3645534 4839259 8204461 9599685 6907914 759884 7277301 9259726 891035 5263771 1932223 8078933 4611922 5174028 1361056 7597066 7280274 3092207 8718990 7171912 7428846 7125962 7983344
7512644 8218568 6884245 6976714 7347792 6870915 7433350 8796332 2295415 7609570 9423387 8512975 7227030 2953537 4165934 5709937 9582658 3144103 936584 5591798 0 7824102 1031512 5831750 2398292 1348550 1718748 870345 2589386 5364282 8225957 793847 4963967 7650223 1553731 4757621 6909949 4961118 21392 8842172 3040051 7149666 6532552 6917459 4746732 3812826 2526018 5982074 984738 9954864 3108036 1484434 295318 4139548 7316185 2693610 5488098 9034933 6080308 8077484 4399216 6822617 1387683 1879535 4472840 2941414 6637156 1382789 418885 9174900 2741313 5975288 6324566 1790217 2892748 3587650 5603043 5418766 9569724 9104133 7889983 2677761 588568 8185301 6817309 7904753 3395264 4821760 9456038 9475572 2899244 6371606 6298189 4286928 767494 3287381 9744694 9921002 7186522 2679931
2194011 7802304 3507697 4994803 1622822 507875 3674142 825924 285182 8922078 6944029 8452345 4996490 3001250 6151650 2485804 1083640 522261 2513900 9207113 7824102 0 9095903 9927835 8655220 7936821 1718052 4064320 1524472 9837447 1999438 1094196 8941580 9889421 6288309 2046500 8074723 5621971 2467605 1469987 443731 1923644 3461911 3342975 811602 9760100 146255 1579096 5563833 2407302 1500099 2750355 5087233 3112354 5194542 3742453 1049175 9428946 7806773 2573647 9266393 9806212 6184196 724325 2211985 4988857 5287178 286708 610828 7754783 1756695 1054559 2194779 5218606 6913887 3006382 7495058 9576494 7101830 5575243 1983796 1118281 8325598 7071030 4230635 6036492 3329835 5279811 5465438 3652961 369810 7248183 5975525 9070358 488861 8187510 4059216 5776039 8474219 7186396
297229 7781894 5034047 6270930 5643164 4154814 5740741 3780367 9391615 1010840 7647762 6036070 9092694 8639706 3544735 7086701 7102622 770936 1000686 7766805 1031512 9095903 0 6047174 2747266 757308 8241954 7965873 187547 3764688 7977283 9764041 866518 3552527 4264190 1984800 4394477 3851572 8731787 430970 7181407 4011598 5896408 834368 6897761 5660944 6809893 5968119 6149805 4997404 2543687 1925844 3471623 2246436 7973018 8735241 3003744 8731324 6701114 5707643 2496012 7194750 5471684 5878883 747277 2252226 380035 5141754 6103798 9111822 5572724 3285206 5639773 3985485 6635926 2537534 9646429 3445820 1022005 5796234 959576 6082045 238430 6947551 8328481 727800 5682792 3848577 9459125 4900259 9556220 4471489 2095009 7544256 350372 5358638 9796483 3246759 500392 5900281
7894649 735392 1550344 8179450 200394 4941945 2824818 547800 821683 5839387 4715249 296877 9856228 4826434 8937718 4012376 4897541 1713665 9973062 7575728 5831750 9927835 6047174 0 2358582 8589469 1701839 514707 5091306 854118 3052241 4737735 6816290 6590598 3050321 7775866 2672643 3288751 7239769 3517476 6532903 2922561 7366053 5992028 7822820 6922273 2979870 2434181 4466530 5846594 7792819 4263013 9093354 809564 2679646 3968288 9399033 6897838 4482995 4490339 7751956 51588 1744426 4568246 6642186 4794747 4860464 1831182 599850 2100233 5348658 7132753 7539146 5231064 5641134 7878319 2153337 8621004 312500 6619867 6983950 621672 3399232 6077304 1431236 8595231 45592 830269 5493069 4528587 7836960 5761377 7096527 9581386 2845975 6255066 6892485 222791 8086248 7492335
6601918 9978987 2640635 206926 4703403 3662291 6497359 298466 8655157 2805438 5650756 181599 8228720 2457982 6188497 4930691 2621976 5387512 8620334 308853 2398292 8655220 2747266 2358582 0 4839376 5951258 7141440 2378522 1182322 5298926 2773193 5852012 6436282 3085694 4988231 3420233 3707366 8387464 9497537 5138602 6982695 2059482 8485223 4992116 6588069 6322183 3269845 6200949 8419921 6115820 2456015 5312406 6338611 542263 5321093 3694339 9009873 4978885 6072861 2708548 277812 8846055 8560560 6714094 4448101 3548791 134327 671819 1936255 2148217 8326773 1435302 4207699 6811996 8943770 3312120 5650531 2213615 9513069 6586804 845787 1969084 4415562 9700750 5027699 2253007 3395089 6553925 7231892 9467951 9262473 7509704 830358 7823033 6740151 5278459 1371824 9390830 8466630
5456858 1665627 6776341 9101342 1338051 5300510 5973 3029091 5972872 7411626 3585658 3306091 7530295 9387513 4328206 5923704 7149801 326142 5044067 2837037 1348550 7936821 757308 8589469 4839376 0 5824432 1539047 6793403 9776086 5746746 6121751 8719857 9058867 4288634 3449824 1088288 875438 4295612 3057373 7807352 3996362 601424 60359 7391452 7155349 7292251 9375755 6417822 7318308 206113 6757207 4058459 8000924 645384 3449289 6467554 8986168 7504689 5777309 8762254 3251435 1899060 9998463 4826654 6187694 5964640 5914943 9579484 260252 1488668 7386836 6772966 4606444 7447195 4164418 1761794 7255798 6056525 695968 4574106 6262638 9969528 8632565 6779914 614912 4598207 3247468 9601080 2102896 9024777 879686 7870683 3440189 3394502 5213690 9627883 9359142 3644985 1723719
7101181 186838 2027039 5992579 6133893 7664151 7005074 6205349 3891710 9631191 3187271 5472969 9716852 2055408 8330329 5521919 8020867 855073 6867722 4540394 1718748 1718052 8241954 1701839 5951258 5824432 0 2135746 7650005 1626907 8908712 2256449 9074102 5589483 6534595 6329901 1646008 9746916 3420359 7908647 9716444 4569277 7204913 331356 9167484 452382 2448788 3786732 1993511 3328474 4173767 5433701 6722976 9387457 7577936 8598470 3032442 1818008 734216 682447 3444915 9642929 5455249 5035370 5232412 1989844 3881623 9394772 1736760 7301982 9819771 1453204 1871259 7024685 4300912 3555095 7477067 6749700 9858179 1986930 2594527 4031947 9936983 1833855 3419404 31272 432326 8968199 1849280 3682894 2166998 5294195 3325823 7622247 2845917 1074587 9612092 6727540 469360 3865204
4828416 1345130 7165587 9752032 5107114 7946455 2964461 3205761 4730525 8238440 3917351 631293 8433974 6678483 4287989 8121800 2970502 7831124 1220276 8845329 870345 4064320 7965873 514707 7141440 1539047 2135746 0 4029523 289131 7834761 8417134 9830168 2135673 1972230 9823587 1401726 4346761 1810518 6512605 8378708 4263853 8346460 4314465 4295125 1295138 5799016 6144405 4978033 7966014 3954953 820208 5588262 6800870 4411148 5200354 3528411 4880508 1581910 74286 7685991 9416671 8491420 7516160 4068697 2980002 7339747 7986775 7326764 1666617 4499380 5705472 5930471 5362192 2536289 225596 9173683 8335305 8886354 4151716 6301320 5357659 7488276 4405934 4674881 1899424 2122640 719644 9296284 3704550 793930 6982276 3121222 9285351 7014788 9706271 2265353 6870887 7693046 2108469
4972100 4637657 9549385 5067224 5702663 7902063 4931093 6127546 1278642 70164 1320630 8462689 7611535 3517477 6106140 2543584 8063887 9010261 5239703 8052956 2589386 1524472 187547 5091306 2378522 6793403 7650005 4029523 0 8537505 2192426 7813942 4467976 7554618 2866583 7209924 9244653 1201889 6096278 5912721 19561 3970289 3400998 6941847 8645171 5300422 9064487 9364815 7113059 2769037 158746 6611687 8406611 1960449 3626475 8112882 6742154 497362 5805928 8850624 9034867 514706 9180918 6019195 585677 2047501 3229120 9830330 5765742 1841750 5743052 8301655 5812040 9144050 5243502 6973563 6960824 6824341 6338378 4073883 2109731 9013476 3201922 516342 973925 6828397 1145577 7716080 7325760 9467857 9083056 8876979 9982564 8263974 7412527 568241 2827827 641647 398571 1109922
3643672 7795973 1561050 8100940 9170794 4903952 7394420 8183718 9743961 2876690 9734726 2208361 2138483 3733154 2828665 1953556 4248428 3693886 3634123 6094225 5364282 9837447 3764688 854118 1182322 9776086 1626907 289131 8537505 0 4999749 6141623 9411577 3328141 7802025 7171432 301704 7279202 3995773 6640083 3869437 6105504 5653559 7071360 9138199 6627485 3899757 283776 6859917 3741869 9751633 8459325 5135201 9734197 6723299 2547728 2818790 2067478 5705727 3217362 3177400 3221828 1875337 2588978 6549970 2193715 2276762 6851674 9472917 6272535 3491757 5858706 4894392 1661669 2930066 4032591 805506 9346176 6832719 181775 5604397 6584352 8641100 3255950 8834902 5364399 8320030 1653692 9948229 4025757 7387406 3125630 7247586 1779096 8230960 6313908 3972811 507722 3165582 5962080
4244072 9627179 1287698 286667 2382770 4990345 8065793 1909526 2122480 4918905 3891359 3387085 3277500 8035333 9089834 3243485 2871860 7855483 6934357 3636993 8225957 1999438 7977283 3052241 5298926 5746746 8908712 7834761 2192426 4999749 0 9296609 9173692 1820786 4191001 835361 7267205 739944 1640867 6613381 7572663 1822642 4734130 6673368 463742 7990081 8024622 8344493 6310111 2194666 8292722 2852221 9582073 1418352 2616159 1361169 2165664 8930067 7850332 2673386 2095649 3812412 1969996 1269341 8149550 8677349 4621054 5416755 9417294 8778273 2030136 9506309 600915 9280619 6179677 3581009 7270700 4204299 4441854 3580811 6398966 5250929 8949384 8497391 9185633 1565543 2374912 1351298 495610 2741596 4024684 5107612 6554008 8511032 8893305 7219910 7188382 3514360 2636666 6605676
5865475 4432404 2501971 4022506 1629978 602194 8601942 6174228 3492643 265098 9091120 4693133 126155 1774669 6221322 3007428 2330683 8922304 9513184 8864441 793847 1094196 9764041 4737735 2773193 6121751 2256449 8417134 7813942 6141623 9296609 0 2292633 7183154 6111985 5409901 6463773 4808015 1507262 3734473 1528666 5949117 9831637 443984 1200046 8781021 1457727 385679 2862917 3832639 4253329 5874879 9090587 8278014 982491 8160947 6789046 2392149 5380858 3977428 8422861 8017524 3099456 3231846 5200678 1727794 8641747 4180804 6535809 2665362 431629 580827 8614479 2779618 1024812 2330877 1560640 2482539 5232908 6939909 8831531 9486238 2814788 7922118 7764252 6313632 6083066 7069650 8705781 1463924 3563431 7128642 1997800 6662887 360488 9714830 907033 1518588 3895634 9959194
2118773 9841458 201191 7032463 8642721 5614202 9607060 2633907 287963 2868903 9460483 6936755 7561386 9906319 7407061 7212301 8150574 6346449 900015 8449028 4963967 8941580 866518 6816290 5852012 8719857 9074102 9830168 4467976 9411577 9173692 2292633 0 4183950 4327264 540022 5314781 7106882 1564834 7645658 1183874 6563725 5394918 8123783 5395256 4881156 3454924 5833727 5161760 9768556 1916793 4747763 8474337 5897069 8311194 8119331 7894869 7490433 8479819 7609699 8397467 2514759 1505334 8356661 6698709 8348950 1413035 2013490 7972184 5494221 2175500 9156059 2057947 7570419 9796194 9969555 4967927 5767470 5803282 2646040 5536026 236427 7393803 6526715 6133496 5704997 4646046 4028365 3195430 5642218 1638065 4109249 8156977 5659751 4982263 4855687 4008701 6395298 9385529 1980885
8877736 730368 6656546 376626 6436503 6745623 1063331 1049525 7005250 2016 965821 4802308 3390591 3729032 2497896 3967892 3822074 2563211 1317541 5620428 7650223 9889421 3552527 6590598 6436282 9058867 5589483 2135673 7554618 3328141 1820786 7183154 4183950 0 1889520 4077382 3653296 6463819 4164153 5965843 6433374 9132080 1733313 4753009 4294472 9785692 4989436 1688275 6312407 3639285 7393272 958454 7667650 3105055 6600672 1822067 7214304 4757649 7481818 4712919 2129688 4006871 1108218 4031570 8504109 5514090 8108952 4673757 1977909 4789457 639600 927635 3921537 4889266 8196996 8216010 4674958 5702785 2420637 987365 9342070 9813910 4462171 7009720 2918965 3579195 1348140 2649621 8336845 1346310 7362541 2982885 7869534 987111 7014455 8889995 6501201 7639759 3563752 995462
1223065 6656090 9853930 9331622 6918956 8342296 4393520 1716118 5248782 6456367 6848735 4248503 3536842 5109415 4212809 1643443 7397232 4959812 8635448 5269040 1553731 6288309 4264190 3050321 3085694 4288634 6534595 1972230 2866583 7802025 4191001 6111985 4327264 1889520 0 2429216 6719705 4439449 8867106 4125323 5152798 9599468 8800281 855583 2020105 2303998 197653 1834015 6766170 9723725 7269332 345365 1071865 2435306 1198562 4934528 2314199 6697800 2804062 3301310 3712255 1694057 2318863 1352015 5257809 5830677 6297583 4493866 270126 5164689 8619189 7939276 4764157 9935822 8794859 6784263 2239821 1508864 1134630 1522343 1232590 920315 1867708 4820807 5871973 5582623 9755335 8186172 2280423 5075749 4003834 8509030 6769806 8839049 2377397 4543968 4669726 8674981 9037834 7456204
5210096 4116087 11578 9906132 4941393 273848 6433194 1433083 6573241 4863089 113288 1033158 5742979 8186437 8744000 4661187 683713 1434738 5411767 89136 4757621 2046500 1984800 7775866 4988231 3449824 6329901 9823587 7209924 7171432 835361 5409901 540022 4077382 2429216 0 3839670 173376 5395481 1120180 109198 6706692 420795 2349019 8215557 4071777 3871362 1964499 4992092 8255423 9301658 3380417 3838046 1573346 4082941 8634821 6649095 8086775 7143851 3418902 6925824 9521249 7962870 4111902 8196230 9517056 1568107 4552252 9690432 9479940 5672432 2315983 6186632 6093227 4665002 6918541 165005 1052717 8883040 7673449 9308140 8184699 3570219 5662538 9758045 7653160 4297359 8923492 8256288 3957562 2342394 7698464 3478811 2821616 1810367 1675041 4855025 5894826 6227294 7061809
7734419 5016109 3533090 5282607 7962593 6117371 590798 7058954 6127659 7976672 525993 3968084 7193037 930767 8029652 9615714 6375768 6653167 7240990 7285048 6909949 8074723 4394477 2672643 3420233 1088288 1646008 1401726 9244653 301704 7267205 6463773 5314781 3653296 6719705 3839670 0 5374766 4416078 9377792 1561398 3025658 6559147 8479940 3190663 7611864 9879332 3380464 9436356 580383 6950683 7615246 2854780 4603844 4428957 1778273 2860132 8386519 4120667 558596 1865331 9458636 4885315 6056724 4313661 780141 4800370 1375470 6154907 9216449 753263 232658 2242107 9828762 1228950 7949122 7440626 1108282 1329586 9393334 1688666 8280270 7008580 4543446 5400466 1437537 6321719 776950 9824056 2958739 3851898 4205739 2417375 8737214 262464 9247388 2033707 5062834 622858 8188615
6278662 4165929 848081 391720 5421435 7240584 2062764 5860366 496494 1441810 9562789 9105632 7569435 6799216 8846459 4557768 1385335 176356 416285 919793 4961118 5621971 3851572 3288751 3707366 875438 9746916 4346761 1201889 7279202 739944 4808015 7106882 6463819 4439449 173376 5374766 0 4279283 3892473 937625 9037742 3721235 4682927 6986864 3678213 5791209 832803 5587899 9996227 1629425 2596479 7056026 7029891 6550368 5894097 323193 8890777 1369188 4175091 3096516 6302915 5428657 3358980 5550303 7462365 938167 8689514 8167332 7733802 2581987 9104957 6771545 8819575 3787884 6274761 5014140 2095445 7107564 602040 4608025 1253341 5714871 1664051 799584 4781592 74500 1122777 3672369 1443689 5297869 9285237 262956 726526 2644218 5813260 8188891 6098737 4502774 8872575
3388880 6736183 4602632 694280 1085511 2712151 584973 9160363 8175101 465194 665862 3012448 3620017 1216017 4874814 9645232 1875078 6961958 8024453 8574969 21392 2467605 8731787 7239769 8387464 4295612 3420359 1810518 6096278 3995773 1640867 1507262 1564834 4164153 8867106 5395481 4416078 4279283 0 3832539 9601113 7977532 604084 937040 4281768 9395198 8467533 8893566 9019114 9069573 3501591 272456 7300796 7681994 1072040 2082388 7756494 4711170 8271109 1716535 9039 7556347 1979492 3251917 2716917 309104 3957161 8815654 4811878 2829736 2648193 6929343 3323621 5768630 382736 7605389 5163828 8850269 6498955 4182942 436194 2516898 6971750 7736990 198892 560143 2335731 471739 5271313 606840 4704626 5280352 8163187 9200470 1048621 880104 9509574 5005782 9695758 6837804
5606222 2064117 293403 3851838 3829261 4899013 1547206 8006433 317367 2519588 2402260 7733147 9487146 4685572 9976124 4244081 9970145 640180 2535828 5498577 8842172 1469987 430970 3517476 9497537 3057373 7908647 6512605 5912721 6640083 6613381 3734473 7645658 5965843 4125323 1120180 9377792 3892473 3832539 0 351871 2343952 6283500 3675492 628934 6666236 1280881 5792762 5516505 296189 2492056 8469051 5329439 9463807 6206041 5528332 23950 1058124 8516423 5295263 1664965 3221049 3091967 2344504 2421520 4140588 3224609 4447446 1662723 5436719 1285251 2014594 297023 7568751 5690086 925957 4234987 9487319 6718719 2267844 2299860 1727128 3253247 7629300 1190935 9459288 3157632 1214885 3033765 4190407 9026500 4698730 7411456 2118467 7043234 2349328 8775407 2784195 6796775 438130
2760090 260959 9397149 502348 1793424 8367229 4944199 154177 912494 5717920 242656 4345106 6472437 234663 28592 3004429 2571181 6304012 6382307 4520623 3040051 443731 7181407 6532903 5138602 7807352 9716444 8378708 19561 3869437 7572663 1528666 1183874 6433374 5152798 109198 1561398 937625 9601113 351871 0 8220915 598378 4969076 1034290 8167129 3175514 1960248 4918468 2662834 1195319 9702664 4962694 2922447 2955911 5108346 6629734 4931551 782330 7844619 7965316 4972737 9387471 2664046 4900546 1505938 2223633 9766226 281346 5007828 6563001 3235828 5745095 7161379 8204905 9295738 7844860 1380419 3772338 2763328 6559605 7484009 2465992 4038652 2922809 5421903 9146998 9552543 2869807 9929329 9913515 835123 7418418 9300986 6015522 2318964 806925 8239155 2085191 3604623
2877764 6726466 6488685 9319164 1070171 4957320 7019717 759946 5616328 366670 7592717 884266 2225657 2531900 2044887 7055144 7248448 767267 9915607 1662582 7149666 1923644 4011598 2922561 6982695 3996362 4569277 4263853 3970289 6105504 1822642 5949117 6563725 9132080 9599468 6706692 3025658 9037742 7977532 2343952 8220915 0 5763335 1164544 9356803 4024783 842276 78060 3320521 8687136 3974832 7092859 3966817 534437 7093220 6432809 7089441 16029 4371065 6236440 9568573 7240872 8682121 9482088 592347 6100539 8783074 6607869 935856 2106351 7363376 3021047 8227326 3126712 6701943 7584130 9667847 7544219 7662190 5504720 8747708 4153374 2597579 2714525 4687812 9690799 1663686 1777253 9706829 8551103 530045 1791754 8308327 9212166 1273842 8900675 7829058 2573268 5508544 8764914
340862 6126772 1298172 4656008 9511858 8891951 2824508 5944384 4761257 8915427 2092521 5660286 4241002 5769132 5963079 7899945 9366564 6920343 7573889 6411488 6532552 3461911 5896408 7366053 2059482 601424 7204913 8346460 3400998 5653559 4734130 9831637 5394918 1733313 8800281 420795 6559147 3721235 604084 6283500 598378 5763335 0 4679620 5388273 4302313 5423298 8514985 1004256 3007428 699184 1064828 3185971 6203904 9812536 9855697 1317835 2527061 4543509 3524986 6707099 8837115 5748167 5258203 1883512 7539921 3566530 3612031 1330115 2467205 1441089 3903384 492102 2722355 1099356 5880375 7024668 6522654 6911712 545276 2046435 7610896 4126456 7748758 3814800 3938992 7604455 7648987 8982405 4664317 1173973 5689505 6017784 6922141 3464060 7901296 4462062 7030590 1513327 5792178
3599970 5859719 783194 1478744 768696 9669881 5224058 2454765 7256729 197193 1407926 8181843 1867831 7641498 5945645 8679884 4922663 4009708 7972170 5522239 6917459 3342975 834368 5992028 8485223 60359 331356 4314465 6941847 7071360 6673368 443984 8123783 4753009 855583 2349019 8479940 4682927 937040 3675492 4969076 1164544 4679620 0 2014148 5470768 2211914 2506250 8193123 3311270 902977 7734143 2350276 7814689 795772 4396711 7941937 4922228 4661821 4273089 1377573 2266277 1922076 359978 9446946 3096049 8565835 5464730 18190 4546247 3366026 6996605 1576838 7395706 2788783 3590986 2866474 5000697 8613588 3575950 828319 9516565 3826445 3178595 9847606 4622217 91659 7789543 9544446 4753480 2062632 3438371 9536109 3984708 6314701 8983055 7080757 4880537 4447785 9615300
7063362 3912725 2373201 508056 5431296 3038067 1291846 3972244 2324954 183847 4095423 9567223 7088701 2219874 1184987 8151277 8447268 1705443 2464383 1381511 4746732 811602 6897761 7822820 4992116 7391452 9167484 4295125 8645171 9138199 463742 1200046 5395256 4294472 2020105 8215557 3190663 6986864 4281768 628934 1034290 9356803 5388273 2014148 0 1943136 330164 6611905 3519974 242222 1917040 9627312 5625048 9434089 757252 9200998 262408 273817 3027444 5957355 2637775 166013 6049014 427318 2226811 3318847 5006302 5665182 2854956 8991010 1979884 1838012 8588120 9376773 8802149 8203420 1319909 1648665 4815325 7356236 1890887 9248717 6983548 7515936 8682806 257153 6716934 8945214 3047322 2260730 4902569 5685098 4943096 3467936 8628768 7169907 6786783 3635071 5351442 9641739
5815390 4965276 1088040 4733774 8545064 967827 423234 4681005 1914094 9474504 9963446 3024863 1704104 7801462 2789734 3580255 4193508 5341831 7434737 923798 3812826 9760100 5660944 6922273 6588069 7155349 452382 1295138 5300422 6627485 7990081 8781021 4881156 9785692 2303998 4071777 7611864 3678213 9395198 6666236 8167129 4024783 4302313 5470768 1943136 0 5142433 7331326 3996103 3730553 9224451 5314605 4450325 544360 6963270 1782002 416948 8854158 1030719 9916849 6370094 9713525 174002 5603380 1175091 3221324 380463 8594013 8906422 5323559 2061949 7535191 5009818 8848732 3686614 361260 1006823 8829047 208938 5002927 5075953 9433389 317532 2042630 2494102 9797154 3824633 2911050 8651312 7371704 2827899 7537758 9601582 3001901 3141139 776673 8739578 6037954 9370686 162352
1541072 1844336 1815238 535922 5387996 6230368 1649061 8152658 985090 2136358 1974025 5692207 617077 1023218 2846339 2946944 5539142 6493508 145687 7758536 2526018 146255 6809893 2979870 6322183 7292251 2448788 5799016 9064487 3899757 8024622 1457727 3454924 4989436 197653 3871362 9879332 5791209 8467533 1280881 3175514 842276 5423298 2211914 330164 5142433 0 3877865 1432635 7697543 8887683 2797719 3900509 9248944 3804543 2729557 9457882 1323822 321862 1407624 4157706 2364492 3901726 3954860 8705477 6812776 5122525 6077182 2157028 2660283 5678764 7675281 8317774 8971789 6414859 6872080 858828 6577212 749945 2291463 6791107 9637629 7605535 691617 1402925 3926430 5937526 3377159 5250252 6259388 4784783 1924310 8623880 8686509 8395522 7329358 8015638 3518047 5922892 2689018
1736029 249356 4727270 8501975 5081829 8008320 1409679 7929965 531040 7274383 371173 8637490 9093415 9268728 2013390 7808443 5062008 3635902 4589166 6367206 5982074 1579096 5968119 2434181 3269845 9375755 3786732 6144405 9364815 283776 8344493 385679 5833727 1688275 1834015 1964499 3380464 832803 8893566 5792762 1960248 78060 8514985 2506250 6611905 7331326 3877865 0 8694683 4118008 364299 7012457 5606149 9295511 3884538 6464977 8389075 7150835 1272793 7696534 6788464 8878328 8388151 707741 2804758 6842029 4084901 571362 3101417 8869684 2495672 4241650 72546 891194 4087360 604536 4409242 2526604 3293554 5620277 6644612 6174205 2632734 4767113 5469716 9033624 1232091 6375143 8700812 2504884 4071678 5489276 1383212 4976181 8713370 6704322 1818211 2798271 7275684 7435980
5885835 9219816 4522305 524391 8537574 4279070 6106103 8142327 9928535 3594559 1231587 8718450 5020387 3008221 3207103 8810190 9128913 7355388 3738835 6963625 984738 5563833 6149805 4466530 6200949 6417822 1993511 4978033 7113059 6859917 6310111 2862917 5161760 6312407 6766170 4992092 9436356 5587899 9019114 5516505 4918468 3320521 1004256 8193123 3519974 3996103 1432635 8694683 0 4184307 9771356 4193982 6773205 3178902 797694 7377741 104496 3324298 3187647 5724773 2485262 1878205 873860 7252376 9864273 2423836 8484467 6239417 1124648 3505703 311095 9130277 4888915 7803628 7843647 4109589 9621839 3158270 1385273 9574172 7342577 3672981 6284506 6632135 9368235 7082201 4009876 9472732 2922851 9713876 7713857 5408114 1592081 8587717 5176842 1456354 3527906 6177661 212123 4652554
2276734 4540642 4698661 8396591 3152427 3978208 8197416 903017 5060246 5036856 6448161 3487975 8385666 2104475 746222 8350554 6213757 3114138 3079214 5954151 9954864 2407302 4997404 5846594 8419921 7318308 3328474 7966014 2769037 3741869 2194666 3832639 9768556 3639285 9723725 8255423 580383 9996227 9069573 296189 2662834 8687136 3007428 3311270 242222 3730553 7697543 4118008 4184307 0 9683364 523218 6299183 4572279 843199 6659182 8681868 2981390 9817452 2583493 2555562 9676382 8772826 8840069 6308517 8141061 8438622 2834745 7613793 1361473 2548621 5327651 9285939 6657054 6431720 4462781 629761 9959626 640442 841884 7128533 323806 3881455 5944068 7412437 4724654 2603251 8610657 7706044 4937055 3710502 261607 4613437 2483328 1618028 921954 624390 2573002 6273052 8238183
