200
kdvm
jjyruf
ozrczwys
rhelsc
khbwnwkof
nzpucf
vjur
mzzwf
ohz
rauez
se
ffsbhxueh
wrfx
bceqjdq
gngfuzl
g
qiaq
fxxbqfakg
oynup
cew
yx
ugnnqod
tcu
szw
has
nozds
cb
bwxhjkzz
wupsqjtonc
ikeyj
rmlu
nq
uczwdpsy
mqqff
hvnszmdj
quzf
suewua
juxp
qfnvl
saosoubvk
vr
pmllinmtjm
rcqezda
drlu
opxmkq
bcgo
vbf
n
vrizqlb
qsvk
la
x
tsoxyektf
zu
unrvfcxpvp
fvxhxxu
pkqqocj
vls
fgwb
bacw
odmmlmjh
atwqjyc
wn
bsizvvcvy
ebarnla
m
scct
mptmsou
jrwhpwwccx
t
qt
eobi
wp
lkrdyn
kettwppa
oendw
mcxq
qmcvym
dldaviv
enfeh
ku
hfljdbwv
ytqlh
wlwtvrjb
o
njrk
apu
uxiqnjjfu
zsd
naqwbvkikv
uecka
gxzwn
hsectwh
jijhjgt
qoulswx
ldskchujb
nvwvnhd
qmcjgtxag
xdmkggwin
upqhmoezx
ynucwcxvdd
agckpkgxyy
podbehcb
colfknch
gxsob
dlkdjkyaa
bejg
yivlnhyspr
mlqnqwa
bmnzmnbqu
wzkgvvwcv
tmqfaguqe
sf
ff
vglpsjqc
nzoqu
j
wr
enbjktot
tpybcn
ofzgtywj
augynr
b
lnnchqx
cbwqhw
aus
ru
zsvsvykina
wqi
f
xi
prbmty
grdor
ljsl
d
y
voxrviqeog
rurrcxjfnc
ynxllaml
naxwtbmzz
vsxxpidd
idbfp
gbywmalm
bx
cdd
c
mkgrwowz
lmbo
zaplpp
wtufxzi
blilrzjhv
djx
zmgcd
tv
rolwnkhh
spamqjtouy
tfyflckexf
pvhnjtus
pijbatwo
xnicopns
tq
ohex
ntricgslj
ghjveyf
muv
wozffgjc
zvthzbzlm
rwcncb
lppgw
xx
edbgg
ebjdd
qre
nix
lrbbi
zvixnmcrvi
bm
grpzivjy
gqrzt
keufn
vbtmyefbqm
jejtzsr
ahzb
hnrw
mzaaa
hbyulhy
a
ouhodiqg
bn
ujxikxik
qmdmzkkwnl
z
crueshvps
xfsgpxy
bk
nuzc
jlak
ebu
w
ya
0 9913724 4610939 4642186 5659092 5189225 9715297 6824574 8002688 3405846 6950356 1309863 7865852 5614900 2244168 8155978 4219404 9646846 2510242 5471120 3102548 1720936 1106412 6983856 7652650 771123 2839310 474972 4168382 8929293 8284549 3854918 8843017 2895488 1013456 7018462 601065 728754 3843036 1120106 4134600 793393 2429969 4516804 6408293 4674138 5189135 3144049 6837336 7699377 8615169 9939884 9420313 9721582 9440092 9589315 3009057 2279402 2580640 9693791 3725047 865189 3548710 2568065 6277029 4562166 2102879 9394447 5290920 5945915 514553 1941873 9255660 2944522 6458677 8180306 135012 1647812 1324355 9488700 1863541 2455877 9428585 3800206 4693811 8868677 3389522 219220 3664432 8486514 9913011 7389479 1868055 5978073 2473896 8145084 540240 4576775 7539531 8347512 3039043 570436 2805737 2294703 3514959 1780767 2991361 6166323 5944931 4315717 5655024 7808473 9287946 7599961 1608679 3981757 6468638 7514553 4200977 2649422 8517419 6630340 2555254 385474 2608414 5029150 8530559 5665006 2122278 8586442 6528870 5161321 9156879 9334608 9972376 5188190 1115375 2963738 3870865 9576658 9795807 2042241 7385131 9083753 9642202 1510163 5581862 8627193 1541068 9782839 1276615 58488 8929531 3831869 443962 1537945 1377372 1490873 9719303 3499650 77316 6248174 1177323 9234195 8099134 3666051 6938737 1730861 6629789 809602 1307519 8941948 2851844 1209003 542053 2494046 2719166 6123915 3637591 4260234 8423106 4914207 6835074 7352638 1262428 7279037 1406935 2639800 8769910 3642591 8655802 1363578 9890765 2349477 3114125 506251 6015529 52862 2237112 5161670
9913724 0 3378817 6060983 4103619 6230661 7269986 7162024 1241059 2505504 3285940 4878651 9282091 4225398 2309210 6117165 4094388 6087990 3396202 5501324 1244143 4682465 9143915 9899945 8562395 1551032 2249423 1676521 2057283 8264952 4245735 6810747 5942974 7624552 5388082 46593 6371565 2658069 9724970 128977 5163573 5527262 7523980 6962016 9752660 2349542 3079182 3847049 8437532 8991736 1864725 9681675 6190553 3524992 2097973 4752949 7592376 4347396 8945822 2166011 5128700 3191557 1493110 1071674 3332462 6881192 3634620 2220379 9539261 3359590 2349356 7219187 8886852 2389688 4181203 1155864 4739230 9776737 7519265 3176763 8768474 9383990 2858438 4959027 5425334 7472763 9711976 3017710 1820159 1174150 7700073 9465211 4365708 9193183 3053238 214522 6074376 9204210 2434901 8129989 2563800 7300610 5349176 3967004 9690298 2046732 7639220 4429529 1823469 5158486 122644 3108295 7058828 5497434 8067323 5000515 2970198 295651 534577 7306709 1469802 8234651 6771921 8351862 7427834 9825159 1082736 6018562 9029369 3517637 4148552 4109521 3334599 2014080 592877 3024898 4060812 748449 9970779 8400634 5906935 93423 1508929 5482116 5590857 2092604 482631 8561055 2388256 1017208 5867765 6374410 9251859 5156038 7242624 9196046 4981197 8325360 5214608 6526918 4359349 9363160 3152791 7693949 1377241 6262020 718847 7954405 7010469 3205978 8871391 2917405 3299401 380321 8399521 1406610 4989277 1398504 9967666 9893885 2415712 8351783 8784647 4183924 3507821 6027271 3379970 1005370 4352631 8594578 48640 1228333 474091 3201431 8922282 1851332 9463451 2157481 2322089 6473920
4610939 3378817 0 5363459 1193481 1907677 1179212 4090154 2823550 2585822 9079431 4222054 5069840 1489669 9154119 3421623 274316 3338043 9445796 6301588 9234365 451166 3170571 345295 3016158 6915256 819386 6217589 5837538 5187070 8197392 511371 7509160 7187665 5874830 1218993 1611694 9570394 5309147 4435245 2156217 6904930 1173651 9742409 910951 2844122 3164033 1185268 6182165 5126181 3208 7932882 8093700 5690131 8278178 1109858 2605388 9097564 9843800 8442926 6800987 8041192 8954298 4310147 7745209 7345480 8045492 9356904 9432227 5870991 6308501 4104796 5292273 7482152 3847205 6203225 326275 7011238 7388493 9024792 2137420 7391701 6957675 2747472 3081832 7752205 3857330 8203572 9366121 3701130 6646499 6167108 4258675 8117149 2993607 2003884 7978981 1039099 3877140 7411208 6910090 185641 1516004 2202364 184146 7879562 921941 510421 4890800 8310434 2051565 9544572 8218487 1525592 2292044 3816671 9277797 8665727 2020244 1160271 2366857 1183095 7327379 9141884 1816596 2837339 3662121 9795577 3876438 7539261 9723138 3302881 241255 3755494 8021597 425401 1635056 8943538 3452174 9042209 9770324 5503739 1103133 7988811 9545684 3395178 4321834 1339833 4577257 6342078 2500104 6944114 41525 2343836 8602351 1858121 5181175 2264472 1653699 1573965 9803733 3893189 4876846 44988 7648683 5414795 2986741 1800092 6874685 6438915 842301 6645009 4459007 1945434 7150172 4004691 7856964 1472007 5344524 2434221 330437 360981 1894688 2888315 2704817 497039 4746436 7885992 5277863 8916487 9459957 5081596 5326028 6853156 7642937 5491064 4784303 3146030 7291156 1658989
4642186 6060983 5363459 0 9584946 649809 8303998 6560305 5111595 7970523 564996 2968560 1958882 8425872 7919133 4805671 8786853 2330173 7693986 1491670 5343564 2440423 1894014 621427 3873262 3870324 8219376 9199291 3239832 8378665 4690355 8024135 1524695 1981511 9683124 3625993 5147672 503475 186298 259267 990350 3267646 3227827 2949232 1693519 3663313 7754903 2996724 8509838 7965242 7004747 3853403 2922017 8898761 6991182 6795279 2769085 5210558 5994570 6008917 6105575 3201277 6549405 7630271 7699140 6232529 3772616 2846812 9252356 6475267 3106080 2759058 2259265 8850259 5708290 3952784 2513572 5979546 9465861 3539763 3944788 6470608 7393166 6866805 5369369 4384348 6178436 654807 2111259 4689359 9180076 8216834 7890636 5729481 8363457 5589777 4478363 2136074 952941 3730719 1127693 4059021 6489778 3386958 2909281 4714420 9856095 7939205 693966 9321956 1478968 7155106 8308916 1388486 6538263 3678285 8289187 2716700 6849444 400446 9922411 6029521 8617280 7813047 1759002 9497090 5919176 6237365 4149516 6872118 2484437 5277209 3447491 1490567 8664167 8873124 6204987 1036614 6812330 9415306 358570 807650 9086764 8667486 4712489 5625028 4862124 3001676 858080 1711568 3402122 780491 257441 4535754 8593538 2016444 4032844 7029067 770161 8182360 6417537 3254598 5975921 9865028 4745165 7156441 8738153 3466505 8193055 8066835 2881811 1067978 1390837 1968575 9735464 6103326 109955 7113940 9105002 968035 1341861 5023476 1748526 1599302 2075583 2858417 6132098 8624779 2403836 6902260 9323492 8821373 156858 5299413 8686401 7418376 4972206 9940906 884881 3165262
5659092 4103619 1193481 9584946 0 8007741 6283044 4233240 9398579 8251619 6485056 5501905 8361575 3598997 7123260 1845962 7457210 4663088 3594489 9056512 9255023 8969258 7704963 7879803 1373094 4607223 9719647 194467 7280433 7535412 1397220 7215161 2507619 1338127 616394 5672881 1862220 6899438 2422473 1260799 7667410 8907529 9279057 6028985 5022878 8918669 391299 2480088 6098109 3985788 4052953 5353133 5471398 1757916 5749288 6844492 8881491 5468935 9555311 8678276 3004347 952532 8409790 8028318 2290659 9026184 3701199 4152879 5925623 8640024 7930031 3593033 7547554 9725440 2138370 2570432 8644109 2529669 7566873 4742218 9031810 4136178 2611703 4503208 5894094 8360991 1347701 7291937 3829926 3419364 8486565 9350626 4371896 6896355 7378944 9178907 5922540 3596496 5848139 1848163 2236520 3778170 7957548 2300426 6019962 95918 4870859 4664071 5141939 4954084 1922641 4173749 9090262 4534345 8676958 7500708 2895336 2541011 4792645 9241615 5960375 5795562 1108593 2848624 2691918 8487537 2027531 1130810 4600385 7875670 5495325 9353258 4170192 3452873 1653684 190154 6065143 6524543 7370577 1207082 3994979 9293219 5380832 3085241 6343916 6574142 585949 1755604 9115153 7894946 997219 7591880 6206861 2105812 440504 8898779 3109702 2468036 2545941 226439 2860058 8041266 9579697 9546603 1494139 1233382 9736757 7559282 274277 7107335 8766364 4269257 8916906 6663548 9870850 5260822 3237690 2973152 9532778 4869195 868098 529998 4977428 7074959 5152162 5417932 8490090 778216 402320 1036031 1004656 5778731 9077297 3100705 5325334 3087788 4334087 7578443 3163422 4608365
5189225 6230661 1907677 649809 8007741 0 7202130 4446139 1393974 6119036 1109687 1264824 3896210 6863730 4237976 3428989 4249277 7622427 6475339 9226705 7213738 4143853 7160990 8220181 7438422 79662 9256212 959430 5858393 849862 4060135 3700079 6454002 8394223 1278523 9617425 5518940 8480653 4063564 6912914 7116042 7689603 694090 3528604 4553333 7448419 6957593 1318963 5070846 5949284 545668 4800936 2609490 7706658 3021117 47912 302673 2277330 1007342 6161066 5643544 7583829 9861146 4613898 5978052 1139669 4231323 4013344 2136674 811239 3442610 9252716 8500843 4136701 2781321 5570528 1585120 2255266 6889491 9172318 720903 9951512 3973254 3330393 174522 6994372 5894657 477195 1788054 9418351 6638262 9947950 7002180 9015760 4561848 5496585 2671781 8793172 9509929 4808455 2120763 2952540 4061172 621606 9605593 9358845 8708487 1190713 1614111 5597978 2879383 2335014 5549490 9368989 8181759 5724013 6363361 4076416 8717560 667767 3494767 5355822 3132069 3013300 6887934 7693918 8509885 9559715 9003442 8019814 4368171 1124205 972354 945695 4262164 577947 2820892 2970651 4285012 4435003 8568629 9680747 9286370 6634472 9049737 9984481 4874837 7929450 6577250 3592397 1113570 2588369 1464572 4245639 5601669 8352506 1939557 4111554 7912222 942999 4647721 4796745 4583557 8136427 8258792 8845721 1230727 1079684 4332724 5515739 8031039 5417705 7712839 9833761 2052177 6762576 9818243 6927014 7208378 6395493 3035764 8321948 8983862 4500336 2567588 7101884 2852842 4507145 1213438 3281416 7966497 5861159 594513 5066406 6513939 8853305 6428479 7744666 2449341 761203
9715297 7269986 1179212 8303998 6283044 7202130 0 5776757 2996733 6178908 3489596 2830494 747438 2768524 5165089 7674452 9976903 4076934 3226568 8298851 5577149 7726904 866439 2679033 3096099 7889937 3892471 8893867 8372786 2269983 9488381 3439192 1300274 858038 2384023 9044940 5823732 3145226 4821697 8820465 9324134 8311294 4167311 2587924 3596170 1848753 262377 3573073 5925687 6005297 4388277 1502836 3732202 7771068 4181869 9344653 8177357 590693 8238520 6550143 5377028 243253 2505687 6677302 3617644 4889710 8238594 9441376 551288 3060291 778193 2391775 3887937 7461856 4979699 7484108 9310609 7758428 3573533 7752649 3763726 7961810 1771837 12280 5732879 8470059 1873285 3910236 1577104 111805 2976732 6954132 2871411 7998771 6147786 6489055 5404834 6902732 8446783 5956122 9963023 9224976 8347897 6367313 9203184 5843949 6367773 8513794 3602377 9941306 8782795 9882455 419469 554632 9894735 6152348 9024691 1768020 2578936 601795 4396178 8072020 72279 9783941 6070792 8736417 6272996 1475626 5639149 7236131 9948100 8118525 6461107 812350 4485838 8180643 6656299 3369963 6694437 258676 3311269 7993584 141132 3730738 8548217 2552219 2399438 7572908 6836592 7494727 691056 1232770 8083099 763335 1016711 4153891 2016105 9806059 8145869 7655254 7042190 8093970 8290131 6019649 8906320 2775969 4200292 8078971 8662284 3411082 8337647 1973554 1404666 995131 8220644 9952883 6063703 3136435 42144 2900295 3147514 733200 6649417 1230613 4012887 182480 7900857 6028992 2504891 8563078 6200599 9547081 6657048 4490730 8083082 8079720 9783052 2283374 6158691 8445336
6824574 7162024 4090154 6560305 4233240 4446139 5776757 0 8210808 7012691 2935242 9615475 524174 3672239 2084710 9104229 6808674 4643206 2004524 2472540 7892758 1170293 6219505 1905646 3869125 4120362 450990 6374016 2683441 9167941 8437449 1856841 3658672 6520531 2452914 5958076 1320258 1127957 4403412 9531066 657000 9855007 1662893 1181175 3527246 3747604 285404 2852272 8390810 4806281 5324812 6283569 8492926 1544317 705567 2362052 8181032 3672909 8736068 3380825 2840851 7173518 5237666 6499523 6210401 206932 2457599 7530659 1334890 9377363 7061726 1991890 9232370 8724619 5689417 5275968 4988575 5974822 8128240 3379386 3297455 5969404 2179307 1790381 7513722 5401226 4152433 8211106 9074135 5404854 1591931 1914986 5094724 9345949 8414509 1305125 9552882 3388460 8835785 887772 5282176 5897511 5396014 4514546 7138482 1085432 9790515 2127058 9576606 435107 8022796 2874061 6404512 2718455 7180794 6434586 8119681 3849580 4645692 7193816 9254434 6237623 9108803 4349158 5583572 39664 5654283 7652806 3428125 4490068 8540578 1226653 2903931 3936593 5741199 2558766 5022025 8048066 4685824 4598631 8483174 5224972 9989044 7404038 7943427 7169838 3838624 6063108 3535770 1000668 3256924 2790204 7238291 4882079 9655714 5338215 4921744 7826350 5507374 866221 4832770 4047952 2092874 7736702 500897 350425 2811820 8039274 914844 7497644 5154257 1914370 5238968 5143301 9318408 3182395 4829492 3157032 1761855 8365262 4157700 7535131 3671819 3912343 2417211 3327533 1766910 9855307 1153883 7274284 721528 5986654 3838589 5330754 6239708 4339486 5681179 9051528 2378761 9112375
8002688 1241059 2823550 5111595 9398579 1393974 2996733 8210808 0 9065524 7533018 1026745 4304492 5192672 345153 3239 22164 3502185 1765094 903778 176237 1816577 4575597 6604932 4233788 419483 8371843 4089095 1573366 8162479 7326975 76372 2001068 2657729 8832432 8856907 855261 7883960 3752020 9967636 9465836 1285038 994382 6286680 8994062 3855887 6289919 9016226 9874425 571365 2436357 50662 2387943 7011954 6655595 6621731 9947789 7543790 3227179 1521156 8222621 3070506 4113880 2740042 5728236 2946313 1596949 9099849 3346625 5348969 1583837 5328814 9150359 5094571 1615494 8144422 8950459 7905414 9677000 8824884 993131 4629709 1391898 3381074 4158016 563845 2519158 4105805 623987 8262689 8143313 8846609 1333195 2257194 1586651 9577783 7719859 5699952 1193984 1066484 1048921 2777822 6395298 2715632 388745 527145 3376406 9339204 948911 5569759 680440 1942042 199468 2072339 7839469 4357484 5152536 358627 8463290 5776524 1137668 6606603 4623133 2470863 8863797 8726136 4564999 9100008 4426088 5758983 166493 5475009 1053157 9078143 706993 1441903 9605288 4083400 3297459 554199 9653159 3977900 5012594 9852627 8566591 2852063 6726464 3719127 5727042 5189754 2012003 6864710 1796357 6635136 1851925 3176507 5361272 6416924 2276515 9787360 4692260 4959360 7778721 5745417 6553856 1002067 9703672 8675496 5085467 3001132 1746048 7254978 9495384 6758642 9623957 578327 9610705 6350421 6813806 5337747 1540175 8825810 4718809 5852885 7977298 6570734 1545744 5854923 2987659 6338611 8158635 7679919 3814324 8453709 5941688 368180 9455776 5645361 1560028 4541243
3405846 2505504 2585822 7970523 8251619 6119036 6178908 7012691 9065524 0 8646493 3306076 4312573 658229 64718 3936530 1236556 2191775 286952 8050362 45874 4343479 9392524 4764683 196364 7369823 1335418 4258460 3224746 6839429 597072 3899733 4519348 4411396 2353442 461036 7295928 1809218 8622749 8855956 8866813 9785594 2162033 3179386 443823 4743103 7115917 4196731 6934879 7402869 2247094 9497105 1746348 4155970 4261789 4459065 1525793 8113559 8717525 7266891 4952988 1830949 1166625 1988688 8758697 3520067 2449724 6054625 7845638 3588826 4910582 6712451 3374420 9588967 9891838 3818244 4332070 9524107 8014975 3783301 6926976 2778421 3280407 1189676 9450744 58548 8165093 976537 8172107 9398971 759781 3125095 1229920 4442758 5113783 9988618 7962825 79859 8559595 5808463 3668685 3470177 5037267 9559458 5575496 4929105 5894054 9907567 6969564 6425381 6207220 6412892 1720155 9487627 7602568 1170899 9546175 8284014 2147436 234634 199337 5423569 5876081 1429257 9866327 3506216 3934227 345505 3586076 5010175 8670320 9771113 8480352 3707587 1846923 6572201 1153044 7740977 6479768 8122608 4166359 2686988 4535500 5886514 4690968 4654421 7057413 6753495 2938435 1721201 6988130 3137772 9661123 5380563 7083381 9527450 8886780 3533961 9872955 4989208 8544136 8543276 7276673 9540840 2250863 9123597 8629393 5920260 6864574 5109161 4042868 3547285 312502 8578369 1950151 5003470 5749142 1523916 4273317 1203929 5761470 3777799 6858053 5422593 9158363 6457786 4950043 8045143 9991747 7339351 3034351 1052235 5882627 2827376 3109428 649842 1950973 1738821 6570102 1331900
6950356 3285940 9079431 564996 6485056 1109687 3489596 2935242 7533018 8646493 0 9364335 3129323 4879185 2193189 4224044 9345689 9713011 9973186 869605 3986328 1177115 6631075 7764128 8035168 4570020 9438843 7009306 9520064 7483986 9517406 6859415 3034689 569641 5258394 5862065 6195421 5908236 329391 450595 4994691 1661291 2331282 8124014 9056828 4524471 2348058 8402517 4237482 4837596 1788475 8223810 8531063 8419550 8504290 6566231 5505923 7943133 6091889 5025987 7943471 5609295 4401754 3494512 8695289 2176500 9356578 4890710 8084736 2202321 7857657 5595779 3863612 188939 3719793 2920440 4713410 8584203 3839310 8950892 3421799 5627785 9691055 1952862 6563687 8195345 1035445 2069610 6138479 7127335 9611949 4081950 5252982 6530055 7576463 3948271 8706555 9449393 1355334 6791292 1651714 9212991 4903423 8031678 9401931 8623217 3468470 6631693 9723772 7307780 5582586 5661924 5451917 7789993 131138 2015605 5985338 3682936 4085215 4640169 3326623 6213517 1238472 8579605 2743572 1331287 2527877 1450128 3297032 3883211 757772 7465098 5612554 5661195 5496776 5014485 6800764 8965246 4162531 6524537 8789379 2261469 4702813 4241296 51462 4833951 8773253 6036800 8516887 5374821 3193322 1843510 1588338 4431794 423116 4331910 5763081 5467345 8298390 9060113 9350556 9056162 6525211 4963110 7233710 4538339 2493948 4034474 6019937 9172831 3075363 4809316 1434300 294528 1566965 1485762 5128480 2856570 38914 6161719 8231391 3232236 521582 2336081 7664030 944698 9184344 5943463 8928395 7482734 5003576 795303 9055249 4045139 8274765 6288959 8583478 3285065 2839785 4603416
1309863 4878651 4222054 2968560 5501905 1264824 2830494 9615475 1026745 3306076 9364335 0 2457896 8431501 1929084 3892196 1242381 6012401 7894310 6370861 8868972 449577 5048933 7100363 6198165 5570515 1952797 3862196 9031565 1137141 2322011 7959960 1136227 9841940 8755263 191476 3887079 7030028 8996787 4986910 315094 4352925 9590326 5289342 5300778 4035762 9181539 6543159 48164 9592201 5430373 8917136 41778 479306 8533851 6239944 8566173 486648 2618492 7597738 4140141 7456855 5557698 5276369 7298795 6829313 5467845 3702227 6375693 6980985 8689137 6690787 1333910 8279463 1980130 6634688 2315225 3678021 5694199 4879741 5786574 1124572 3796877 5828353 4120230 4847081 4584649 2686403 7850081 9719493 284141 1990223 7176348 8358191 7266592 6991496 7703856 5250789 693723 4079550 2231774 9382860 770337 6082036 178675 5266819 5233076 5010252 1461192 927276 9889994 7247767 2051848 6203223 5592472 8688431 3566656 2693473 1374834 1416738 2412966 4175328 3406961 2105666 5049871 3189905 9097162 2753728 8440694 9790885 6833278 3188821 1690097 119967 9270857 1868772 5386787 4503934 6879025 9364331 7947562 9285371 6612098 9999410 5488594 4720922 1204193 9055251 7414395 2579028 2988341 9827361 9270708 6395302 4449380 4320579 2101559 3546542 7074307 3058605 5853780 3907585 8763778 7543877 6543905 8034636 1929002 4447044 5054922 1324379 3811375 3002484 609750 2939826 5518246 6098344 7660748 6722440 7669947 5075144 1817820 658288 7418857 3604880 9569942 1868237 7925459 4187853 7931132 7516119 7246459 6301264 3940056 6010237 6361493 483961 6561225 8290495 4931005 1616147
7865852 9282091 5069840 1958882 8361575 3896210 747438 524174 4304492 4312573 3129323 2457896 0 9614874 8742381 7134983 2740976 4198559 2653230 1355673 1859307 1892022 9025620 9450803 6226194 2200261 6869661 9831074 4286555 1254250 272885 8474409 1701734 7789004 8237220 519350 1729061 6763809 6880844 2213022 3325035 7687691 9660380 7457534 9818918 919113 7108870 2559894 5117672 2278452 6431919 9493331 4170474 5457540 8944135 2913020 174153 8330148 2744094 4460708 2100750 3016979 5451469 6318837 3322336 6205041 6838187 5051397 2968851 6235383 9780771 6293886 3923075 9441151 6267772 6258345 360264 3376642 1334591 7994288 5655094 7766511 7487620 2341920 5740403 8948107 5254940 8430908 7278255 515386 5407968 1895357 6048718 859438 8214194 1887406 7064479 7568734 6938803 33330 3804117 9235926 8843568 243544 8677078 7627693 9018241 1553694 3520687 352833 9547983 9175782 635696 9551955 4034054 6376099 8500062 1805347 4807007 8294669 4837085 214975 2706378 3402155 3590765 3436925 5289561 3171597 1005659 2228364 5721279 4809776 1464291 7081200 7569673 2657721 4708893 6587914 6727767 8229580 6940747 8792102 9921714 7576443 8344057 6472121 6468894 9360471 8277468 3792253 171492 3114553 6523581 5394223 9033061 114346 8831148 4322622 5802295 9836807 6550987 1523575 7162935 531630 1121127 4732608 5705703 5830020 3836875 2433470 6575952 3293974 1225573 9014019 3386770 2085982 5486140 9855664 3962806 6279960 6164270 6650650 1910865 2687851 2044873 943926 5318549 876021 5266549 1120845 712828 4333888 5160772 392116 7381870 6281899 7641076 3087573 4628271 1477951
5614900 4225398 1489669 8425872 3598997 6863730 2768524 3672239 5192672 658229 4879185 8431501 9614874 0 8037395 3720575 4771926 1779320 5250946 675048 6381655 737086 530712 344461 9533398 9211334 6995111 1444264 1899185 9039985 2388190 7217735 9916006 171091 854932 3145187 4504979 6015704 3537303 4403201 4813955 3694731 7126 1958578 5172683 8044522 5679153 2460961 9823842 930100 3136009 6205497 4183538 6183073 9066310 3716937 5394408 6061422 7677553 9809945 7617759 65743 7027680 50117 2753187 398964 3195304 9774518 6414668 9248959 4177720 3744975 2943691 4184846 5703553 632726 4745720 3899059 5610039 7085915 7345511 1262400 5807764 1529049 9961825 4874075 7762338 7872585 3451849 5439891 7682531 1069608 8021987 7226563 3636077 775174 7625528 6831382 3066044 6556548 8596693 7243764 2817876 4056736 3944963 8521429 4689462 1207035 4936840 2815853 8292950 2282351 6594605 6617067 3811401 6556431 1491142 4090091 4429016 7459343 9529983 4627899 1045303 7551970 4370815 4681380 843496 4512695 4029114 3909540 3585595 2625808 3669657 6403471 6682544 130972 7441253 3888359 1338007 2378093 6704212 2147310 4660445 3298818 8764377 988198 2371601 2771871 5078289 9316969 231214 4608272 6461221 3792869 4676594 832036 8474249 8036442 7861083 2503364 1945983 3963030 7645524 8131992 366502 4328068 779316 324107 732779 2117323 2702200 9953344 6780985 9878997 5768514 5545362 3383547 8140115 8317233 8461837 9973436 1064799 5586461 6434657 4857668 2779408 9783045 5848270 815850 160480 8351634 5278185 4123511 8513510 3410177 4490013 2841578 6705845 7330472 6090710
2244168 2309210 9154119 7919133 7123260 4237976 5165089 2084710 345153 64718 2193189 1929084 8742381 8037395 0 1339521 2549024 6044054 8120506 2428022 4328920 6182221 5811569 2469035 7015806 6789758 4958823 8080606 2376220 1393481 5454626 5155628 3692878 1302896 5971478 3853359 2170882 3766016 7976870 684392 9692545 4983235 3525971 6398391 4830059 2133033 7737912 7379083 8177087 5858418 9807105 2506007 4556991 8135027 7491394 1572798 4924785 2450217 9653404 7301005 6360050 7624382 4972985 2569281 8927279 3460816 6422640 1098161 7226832 6915862 1782554 6919377 4415449 7824877 3317768 9245508 9957910 3572032 6624591 651349 1946803 6431697 5673708 6503794 7083076 3165102 8076592 2007861 8131671 246348 1825219 7008074 7870731 6798204 9577355 9314362 2775372 8516347 412523 2204 5432209 4711429 9437934 9847658 2536306 5272054 1609518 2494216 8844087 8234109 5661917 790890 7182158 1335625 9811036 4265234 7017079 403981 8789448 7665103 650329 614667 4673177 1037412 9929223 6766884 351774 2704596 5283231 3280650 5223152 715440 7992079 7177438 3079450 528386 2449493 4688968 5538954 1293580 5439429 1200872 4600822 2621588 5052849 4411858 6886822 2069929 4815839 5676270 9735032 7982521 8807289 6924561 1536285 1252865 3691445 4404412 6473813 8974676 7685062 1696965 2206468 8193493 8874404 7802270 1238231 3840249 5007590 9293538 5133829 447019 3010762 2251003 3068607 8063611 9179213 2471782 2649892 3995053 664404 2384924 4493926 9471694 1825837 6030211 3240911 5517282 2950975 9714724 7008310 3152389 3928041 9214778 1345883 5318797 7017048 5100466 9159046 2024638
8155978 6117165 3421623 4805671 1845962 3428989 7674452 9104229 3239 3936530 4224044 3892196 7134983 3720575 1339521 0 4394004 4292875 4988010 7404766 9060230 8056617 7984730 8239444 528399 634622 4750849 3709156 5535899 9244775 3180850 7361736 7791338 6421761 2879019 742314 6136485 9887329 3894703 2580878 1618460 7756938 7899676 1151860 2857405 7058722 5692851 9767761 3867950 680861 9688880 2928180 8737478 7673610 1167624 1782230 8308232 5918473 5491386 3844131 7679600 1188588 1205868 5470939 126701 6601239 8729605 8779538 9004920 5140660 1360416 623380 2897599 9260092 1775241 8271356 6318815 7468092 8039117 186765 8148953 7727997 5631297 9402783 7917959 6798922 3701365 6226192 5233747 9192751 2586675 2913348 2897691 6308895 8384287 3024392 5426486 7113892 1803930 4431407 2254552 3164347 5054787 7668503 4940791 6830028 5939859 1259606 6814472 6495329 3962723 7479777 6739678 2110373 6882561 7173990 8909295 583926 5916534 4143042 2293030 8503209 9572742 5190721 7328457 7957029 731466 2754943 7587273 2535396 7186350 2358178 8216095 4757490 2543033 5673239 4103870 999245 6932845 918343 7494574 3411921 8398120 6750604 5522294 7797033 3924594 6947941 897312 9841128 3607335 3190342 860690 3180078 897415 705499 3653459 4145233 5976794 1240733 6680630 3163145 6115263 7413077 436987 8658296 3086316 4540857 9657541 2535514 7975552 9668467 8463787 6373673 8935424 6502433 6687058 2860018 3450374 7584370 5217499 9574061 3291064 8594541 2754139 6704832 9300040 6407599 850065 7793186 164684 47047 956331 8796299 9976477 3909670 7454595 5579145 8450528 9628489
4219404 4094388 274316 8786853 7457210 4249277 9976903 6808674 22164 1236556 9345689 1242381 2740976 4771926 2549024 4394004 0 8114659 6426080 9296956 9094798 5316105 8232380 5597231 4519516 3608751 1563957 4620238 1342602 1138019 7911303 9937143 3892158 7132487 1753535 2816109 7982552 9546721 5497145 545952 3019405 4293444 522429 9445427 4264392 8617926 7895955 3892881 6732586 6838388 5706189 8343736 4670845 3938570 3940968 1706713 63673 8021277 6326952 1406275 9159296 4238255 3859770 5567807 3887094 8129657 900268 4385998 192730 6397414 4931950 5728487 3207210 7970731 5173915 7471602 6588658 5586222 3880835 5837596 4940962 2103377 4181332 9611808 6041947 638652 1318521 8621972 8659930 161825 2544599 7819226 6916432 6404369 5903385 803526 7050378 6803654 5189525 7243108 3201068 121475 5487948 8924630 608559 661863 8912585 7197217 8764437 2793420 5551165 3705400 7413149 9732497 5833560 3455096 2887502 9668433 4593420 1547432 9830259 7138019 1883010 6746691 6058740 7786396 7550218 3109118 4590050 2739743 2868579 307470 5377570 8356527 9232100 8502481 1534742 661037 8216050 299179 3454458 3767215 4004579 867607 6016065 9838139 6839056 8903567 2022925 3948828 450999 1853184 1086848 2334009 8599875 7145588 2636757 8666445 2771059 7226807 3922540 5639638 50629 1816463 3996165 9282730 318944 8047259 9943767 8534995 8346438 5914577 2302210 4867370 9298537 8318275 7221861 8653945 7221842 9244786 5119125 189193 1097970 6205973 5039555 2214198 5867914 7676312 3396995 8638973 7419472 7319536 4278611 7470101 9135999 791128 9269183 9454943 8838387 1729303
9646846 6087990 3338043 2330173 4663088 7622427 4076934 4643206 3502185 2191775 9713011 6012401 4198559 1779320 6044054 4292875 8114659 0 506290 9701177 160232 2808501 4568547 1975121 3643128 4306761 3145418 3381323 3551547 8264544 3570516 7165870 6986869 1126423 1896420 2854783 8802736 5293415 4010108 8738560 5129303 805071 8725013 4265302 1596199 7994197 6236598 2950938 2239852 6742888 5168468 4916436 2067741 2253367 9407910 8227222 6560128 2553328 1608545 2628028 3334224 7695413 9793898 2837446 8821837 4206670 8208581 140925 9500085 2218690 1395837 4629389 3023761 120850 1411043 7136313 631399 7647641 87251 5387603 6906882 5255719 304040 1490975 25439 9711950 9718197 6585567 4781630 1326742 9213595 632207 1538508 1523845 3469653 360345 5730515 1678234 3017622 7746953 3896924 4413459 2376342 9437038 4534309 6303737 6573351 5165709 3951379 9176954 553312 3374613 6949026 3373704 4865588 6974465 5602006 7100138 3560032 383637 943232 2773628 1015844 2481740 6813825 4485497 2842085 2544341 8680083 8376059 291294 2577008 2789518 5183988 2014046 9840180 1487725 1103749 7522241 7955456 280703 591905 1330069 7229729 3965610 8712010 4204194 9567616 8328500 7764227 2467605 9271732 3054207 3483449 1753473 9868032 485298 7111910 4928725 9165382 5487970 5220019 4258742 793840 2920359 6272788 634020 4408085 7376537 8156261 2363541 173592 8748167 6209963 7403322 5230129 7438325 1607516 4797745 8283177 9371743 7265351 7554909 4942302 3265152 9308382 7326687 3750451 8936645 2255412 5432185 6940967 9991784 9690927 7734807 2912143 8480067 8368828 9836580 8372956
2510242 3396202 9445796 7693986 3594489 6475339 3226568 2004524 1765094 286952 9973186 7894310 2653230 5250946 8120506 4988010 6426080 506290 0 9041441 4716474 8546548 305960 3442789 5949870 5536089 3397466 7557387 333835 1680643 9445482 115538 9235552 6904137 3380690 1060287 4230824 9647493 9996932 9002588 5079678 6937899 8994372 4770605 7189058 4422868 5767024 8074238 6775800 4139980 7115680 1492274 2686529 7421640 7451415 1152751 5474082 848881 1226490 8324269 2529524 671973 8439807 1765077 92462 4336849 5341716 6839638 3984343 5338648 5842226 1580373 4792899 7352951 6350979 4498309 4292171 4634355 2572548 1067971 8774336 2204580 5076598 3977217 2142572 2528013 5129968 7616654 3376895 6356459 5940923 5906419 9544784 4380730 187848 2153598 1233932 5529564 8993236 5218275 3384564 4835462 6798648 693815 4704765 5665979 5192125 8996936 300335 281025 64908 1591023 2485605 5141506 5568240 4628177 185871 3214560 4761184 3562766 2087371 702107 1985538 4148507 7599190 4689738 6302105 8833122 219303 7811693 4051397 6120219 2647156 3366397 9330387 7351921 1548729 4522512 6348858 1849064 7319889 8930118 3440087 9805494 6587976 1524679 6950023 6773847 7255591 1711207 2852966 9342963 2413315 7354856 6007822 2528857 2044594 2309928 1361979 4780249 2637973 7929728 900469 5285129 1296125 2747208 5153403 2844854 7269720 4018613 7210270 7105961 5465083 3166709 6911455 2053059 7207740 6377830 1343258 4463332 8089038 6712576 6322647 3018705 4067432 2330469 5547562 6112027 7156749 6909541 3408628 9794723 7355621 6825449 7596204 8651746 9572657 2749607 4012953 9358729
5471120 5501324 6301588 1491670 9056512 9226705 8298851 2472540 903778 8050362 869605 6370861 1355673 675048 2428022 7404766 9296956 9701177 9041441 0 9284572 3739575 6464690 4749655 6906285 3376145 9319066 4114025 2270328 3178677 1093709 359366 9891253 7416356 3378071 6475038 9746826 1441985 5103417 6903575 867878 8512045 9214650 8223499 5337495 6810855 9391597 4910152 2076814 3404550 4268882 1361387 7144126 733572 8627394 6566763 6626070 7946461 680788 1412750 3641490 1774498 1772116 3532743 1707206 7666539 2524133 1454032 1624876 7627550 873960 2492754 8655948 88610 716253 6509795 9415817 107850 1419947 1492632 6028753 8205181 5370371 3172879 1455106 3997765 2255994 597528 4460578 2936782 2010278 8102068 7227632 6298746 4151164 8934839 6481637 6675297 2905223 8106513 6819200 3779183 599267 7991500 6384146 3831872 4501295 5799963 3939722 8437594 9808947 9968475 9159128 5179318 5657706 614234 1693436 7913700 3728114 6154014 3366835 5738392 6772435 594467 4553490 923599 2045658 1035127 115248 7467234 1657992 9450800 1246417 2257259 7442300 146915 6089131 4459947 8463231 2545205 2897542 8272178 2513681 2056670 5967849 8171387 5187256 7661285 8601440 8915370 6331651 1968275 7170114 3104086 5079094 1723604 6544037 9641105 5275083 9175638 7108339 6933075 8626438 871108 1706686 8585091 1018024 312169 3045038 1997607 2857374 8458932 2786137 5371055 515602 8753986 6058795 5702858 8931623 4660235 7134580 7779627 6628510 4304694 3400065 4223956 8544650 9944103 3865061 6336085 1636093 973400 5785512 262531 1844509 7492198 1363974 5378885 7804367 4409013
3102548 1244143 9234365 5343564 9255023 7213738 5577149 7892758 176237 45874 3986328 8868972 1859307 6381655 4328920 9060230 9094798 160232 4716474 9284572 0 7376492 661742 2867945 162629 8549149 5899900 1432968 4607944 4119110 2880943 1784531 1253691 660570 929393 8074737 4060636 5153350 9135740 6521091 9018411 5471825 8157184 2508164 1257338 936067 4352673 1265888 2300042 2247910 1586608 9225407 9624402 2248350 4609704 2303383 3313851 509604 3736351 438148 7145067 6617295 2222679 8398758 7277865 3152073 6473495 3854853 821775 8125587 2892296 2356538 3597413 1049480 7381054 7371103 4501900 4250079 1153343 6801942 6497989 2739951 8543701 6122391 7504653 3153405 8425775 818505 6179362 4678478 1256653 3324429 1295773 3479332 4239539 1089991 9147757 3229386 7461196 2485884 1354974 353493 7358775 7468739 3919325 4739829 4839842 8421225 8989909 8509537 7739519 5487898 1249489 6283220 4126642 8754142 1952978 5068769 9572647 648692 9747247 829300 6489473 3559373 6824985 729012 4649364 8489094 3958398 2110560 974979 5313372 4980405 8333754 2782111 8899731 3073583 138305 7320956 2063492 8647843 7576828 67743 2413684 6376400 4194385 1167826 845730 1779506 3256826 1494422 1526753 6602478 7983895 5086126 3427463 8712907 2251842 1916558 5187658 4362403 5407889 501030 1859160 3741643 5799494 758891 9331578 8454151 596200 3911423 9618346 8173028 3979166 2032030 7065780 689903 3199857 7911511 2469409 8973035 1922285 6512514 5575513 9906181 1598641 9002977 1135440 3850483 3435887 6323098 729238 8843776 9340481 2588399 5101771 7656327 5863642 4433349 6110478
1720936 4682465 451166 2440423 8969258 4143853 7726904 1170293 1816577 4343479 1177115 449577 1892022 737086 6182221 8056617 5316105 2808501 8546548 3739575 7376492 0 6459842 861124 5728825 7149222 7356642 7760855 6731355 8046545 3477064 4642866 3032306 2450099 6565151 9544821 541965 8987684 3659814 9544942 2639477 26649 5497181 1478927 3272240 4340957 3335760 8376991 9442728 992087 4240633 6392429 9618918 3216828 7253554 5347743 2882402 4610196 5624950 9613757 5173094 1618367 6772975 721752 6584818 3338127 266573 7126783 4842163 6442739 9188077 9997992 6469389 4685258 1476920 2257981 1542567 4812680 634972 3501647 8321120 7391957 9894077 7940038 608785 9663983 5804133 6007540 6790531 3945435 5621297 4479977 5563802 2394273 5201730 4664973 8248752 5468303 1791756 5607267 4427395 3496186 5605260 896784 8181444 7082180 3154765 2240364 4411212 6306089 5742011 2732332 3698046 8152440 3188722 6823184 7816423 8992855 2830724 7123307 2938291 8452021 1603284 1018445 3362646 6805014 5683418 4127750 4789670 9991527 9735018 9217065 3487713 5340278 2630201 4185509 2422458 8301318 6425873 6833670 4607407 2167885 2082355 821805 2836677 5271077 7644989 3169453 6780285 475713 292760 9718576 1444087 1896044 3253373 4806733 1217411 8936792 8934484 6007081 8928319 8669502 7740498 4932384 6526132 2887051 9117893 8948590 1188369 5543767 8298612 8312128 228004 2897319 9133933 5581033 8168397 9295275 8750486 7465034 9770988 9043246 7183610 3731427 3455643 436983 1054513 7189406 1890127 2505349 5712839 3334798 3691203 3453337 8267182 217335 6340388 7385076 9165925 45109
1106412 9143915 3170571 1894014 7704963 7160990 866439 6219505 4575597 9392524 6631075 5048933 9025620 530712 5811569 7984730 8232380 4568547 305960 6464690 661742 6459842 0 5445195 9980889 873589 8189551 5394561 2523874 3770584 6079310 1819149 2521071 3544344 4106490 4080669 3244306 7837917 52664 3681289 8892430 7242070 8087769 1397779 2954909 1422567 5088982 6408246 9689750 5306317 5264986 9591178 6988594 7826447 7552725 9485836 8700036 5742276 4880397 1223911 2029212 959707 3043060 4550283 4504051 9665902 1147305 7748357 7503820 1199969 3945998 8912602 8442040 4550119 310382 1396949 5972687 7915716 321548 8178789 5738386 8102886 286319 5243332 5929334 7839044 4729168 4629370 6097672 2125917 8369633 8126884 5601976 3929046 5193520 2622379 3594948 6340825 2887088 1098768 7540794 9349439 11371 8499186 3899558 2838105 9896136 2388597 3270173 2734036 3083738 9008559 3353274 3370057 4251892 9282608 3725453 1497412 6428331 2339477 6139682 7314316 2982714 1741658 1243362 8176234 6880390 4838311 7033411 9767478 8453431 7090557 9116917 981154 5589744 3016476 6335611 8002232 7921425 9605785 736268 1005164 8614344 4089542 4375221 5382588 5888503 617027 9396353 4833186 5472856 5536035 2147502 8455570 9794045 3390865 6631804 6674435 745528 6181567 8958266 1715311 3272125 8075183 2696466 8861869 3608011 9032077 6864101 1529437 1154214 116721 2534601 9768559 6722615 9426174 7667499 5127470 2559553 7063852 9960656 8032410 5116239 2108159 6487980 7426637 8015376 5636137 6617424 8760904 4334056 5575690 476215 7606181 6167226 5689033 8984402 9775237 7237463 5848503
6983856 9899945 345295 621427 7879803 8220181 2679033 1905646 6604932 4764683 7764128 7100363 9450803 344461 2469035 8239444 5597231 1975121 3442789 4749655 2867945 861124 5445195 0 3821026 8391677 8481576 8871979 8160236 7720544 814506 8344088 2848014 3374059 7924292 2808671 3922821 3040532 7433182 2927154 467169 5448558 1079643 7084593 4209462 5413699 5176636 7202029 3019881 1343862 2891063 2004283 3635451 128526 369139 7456478 8520203 1367067 8844809 9196792 9087611 9659315 57232 1935626 5549727 7981524 7260649 1988900 1022056 4693831 4916054 4005577 142389 5995697 3606523 6868203 3925749 8783159 4070232 6945630 2643373 9477647 1466265 6278824 9606173 4351756 6251654 642729 5718824 7612816 2355873 7322787 7272131 2413105 1774765 5338210 394629 9035414 9843463 3933038 3729245 4759517 7938615 6387986 3271567 4061490 3256189 7197316 5361001 9842774 6659298 8004374 9320421 641915 6799551 1442947 4993672 3051205 4602028 3228848 664021 6957901 551635 452505 9371006 4842753 8307067 2281987 3878167 8150530 6215025 123765 5426400 6669993 6511751 1214319 731483 2284293 927987 8608837 4643419 7587285 6613211 6480192 745552 5929114 7923139 5739224 1496672 2525167 1484424 2160693 1999420 4552412 5129550 3886778 9395165 5952970 6168766 3273332 4103500 2383791 5913449 2046252 1570136 4941553 3260571 4817972 7225846 4188558 3426809 4385617 4292195 2556372 865809 5037748 8485487 8788949 3293324 9982159 3830468 7294101 4659204 8346241 1846513 9788755 2233019 1241678 5741725 918137 7031362 2361577 3301929 2944812 6924182 7388417 402717 184753 2206389 7628563
